Vertex Count: 1200

Data:

0.384406 5.15107 -0.359876 0.312842 0.459829 0.650899 -0.110599 -0.751061
0.408959 5.26118 -0.386713 0.319696 0.456679 0.581927 0.079928 -0.80929
0.570814 5.43151 0.004217 0.319642 0.545123 0.635914 0.048799 -0.770196
-0.570814 5.43151 0.004217 0.624174 0.577775 -0.635914 0.048799 -0.770196
-0.40896 5.26118 -0.386713 0.712288 0.587453 -0.581927 0.079928 -0.80929
-0.384406 5.15107 -0.359876 0.708573 0.595952 -0.650899 -0.110599 -0.751061
0.410405 5.74556 -0.01396 0.621009 0.310166 0.352458 0.62978 -0.69216
0.208532 5.94068 0.157464 0.584021 0.35305 0.710196 0.662008 -0.239387
0.541714 5.80617 0.167743 0.582829 0.282896 0.358135 0.912076 -0.199561
-0.541714 5.80617 0.167743 0.582657 0.508497 -0.358135 0.912076 -0.199561
-0.208532 5.94068 0.157464 0.583955 0.439895 -0.710196 0.662008 -0.239387
-0.410405 5.74556 -0.01396 0.620879 0.481083 -0.352458 0.62978 -0.69216
0.408959 5.26118 -0.386713 0.701765 0.308284 0.581927 0.079928 -0.80929
0.410405 5.74556 -0.01396 0.621009 0.310166 0.352458 0.62978 -0.69216
0.570814 5.43151 0.004217 0.619338 0.274961 0.635914 0.048799 -0.770196
-0.570814 5.43151 0.004217 0.619157 0.512681 -0.635914 0.048799 -0.770196
-0.410405 5.74556 -0.01396 0.620879 0.481083 -0.352458 0.62978 -0.69216
-0.40896 5.26118 -0.386713 0.701635 0.478598 -0.581927 0.079928 -0.80929
0.66013 5.37694 0.523212 0.718873 0.535171 0.289529 -0.018983 0.956969
0.640606 5.70074 0.438016 0.749469 0.533851 0.445753 0.590258 0.672933
0.326618 5.79969 0.493383 0.76529 0.578639 0.242042 0.61095 0.753746
-0.326617 5.79969 0.493384 0.797197 0.688219 -0.242042 0.61095 0.753746
-0.640606 5.70074 0.438016 0.81205 0.748774 -0.445753 0.590258 0.672933
-0.66013 5.37694 0.523212 0.783362 0.756644 -0.289529 -0.018983 0.956969
0.541714 5.80617 0.167743 0.582829 0.282896 0.358135 0.912076 -0.199561
0.759904 5.7586 0.212589 0.573851 0.237126 0.636555 0.755272 -0.15598
0.629768 5.66133 0.056357 0.606975 0.263907 0.480575 0.366192 -0.796808
-0.629768 5.66133 0.056357 0.606776 0.526179 -0.480575 0.366192 -0.796808
-0.759903 5.7586 0.212589 0.57361 0.553594 -0.636555 0.755272 -0.15598
-0.541714 5.80617 0.167743 0.582657 0.508497 -0.358135 0.912076 -0.199561
0.292727 4.83076 0.257804 0.24198 0.444797 0.397778 -0.335246 0.853999
0.66013 5.37694 0.523212 0.185982 0.52134 0.289529 -0.018983 0.956969
0 5.52099 0.566106 0.177357 0.383476 0 -0.0524 0.998596
0 5.52099 0.566106 0.177357 0.383476 0 -0.0524 0.998596
-0.66013 5.37694 0.523212 0.186828 0.245668 -0.289529 -0.018983 0.956969
-0.292727 4.83076 0.257804 0.242355 0.322554 -0.397778 -0.335246 0.853999
0 5.52099 0.566106 0.177357 0.383476 0 -0.0524 0.998596
0 4.82932 0.260325 0.241642 0.383673 0 -0.255867 0.966704
0.292727 4.83076 0.257804 0.24198 0.444797 0.397778 -0.335246 0.853999
-0.292727 4.83076 0.257804 0.242355 0.322554 -0.397778 -0.335246 0.853999
0 4.82932 0.260325 0.241642 0.383673 0 -0.255867 0.966704
0 5.52099 0.566106 0.177357 0.383476 0 -0.0524 0.998596
0 5.52099 0.566106 0.755794 0.637433 0 -0.0524 0.998596
0.66013 5.37694 0.523212 0.718873 0.535171 0.289529 -0.018983 0.956969
0.326618 5.79969 0.493383 0.76529 0.578639 0.242042 0.61095 0.753746
-0.326617 5.79969 0.493384 0.797197 0.688219 -0.242042 0.61095 0.753746
-0.66013 5.37694 0.523212 0.783362 0.756644 -0.289529 -0.018983 0.956969
0 5.52099 0.566106 0.755794 0.637433 0 -0.0524 0.998596
0.629768 5.66133 0.056357 0.606975 0.263907 0.480575 0.366192 -0.796808
0.410405 5.74556 -0.01396 0.621009 0.310166 0.352458 0.62978 -0.69216
0.541714 5.80617 0.167743 0.582829 0.282896 0.358135 0.912076 -0.199561
-0.541714 5.80617 0.167743 0.582657 0.508497 -0.358135 0.912076 -0.199561
-0.410405 5.74556 -0.01396 0.620879 0.481083 -0.352458 0.62978 -0.69216
-0.629768 5.66133 0.056357 0.606776 0.526179 -0.480575 0.366192 -0.796808
0.64927 3.64931 -0.115481 0.361032 0.282595 0.963164 0.122929 -0.239051
0.509158 4.18792 -0.115481 0.368173 0.23719 0.981017 0.148686 -0.124241
0.506381 3.78607 0.231853 0.431792 0.2547 0.772454 0.218451 0.596271
-0.506381 3.78607 0.231853 0.452409 0.69507 -0.772454 0.218451 0.596271
-0.509158 4.18792 -0.115481 0.509674 0.66667 -0.981017 0.148686 -0.124241
-0.64927 3.64931 -0.115481 0.514995 0.716968 -0.963164 0.122929 -0.239051
0.509158 4.18792 -0.115481 0.233102 0.095162 0.981017 0.148686 -0.124241
0.249455 4.19733 0.219314 0.177357 0.027093 0.408124 0.214179 0.887417
0.506381 3.78607 0.231853 0.233181 0.025543 0.772454 0.218451 0.596271
-0.506381 3.78607 0.231853 0.452409 0.69507 -0.772454 0.218451 0.596271
-0.249455 4.19733 0.219314 0.428474 0.64168 -0.408124 0.214179 0.887417
-0.509158 4.18792 -0.115481 0.509674 0.66667 -0.981017 0.148686 -0.124241
1.25547 4.62133 0.344364 0.315948 0.115557 0.905667 0.397076 0.148473
1.12345 4.48074 0.119342 0.369026 0.129372 0.142094 0.298318 -0.943815
1.00748 4.71613 0.199814 0.357862 0.158597 0.185461 0.222175 -0.957183
-1.00748 4.71613 0.199814 0.303914 0.000850976 -0.185461 0.222175 -0.957183
-1.12345 4.48074 0.119342 0.309404 0.029665 -0.142094 0.298318 -0.943815
-1.25547 4.62133 0.344364 0.254119 0.032139 -0.905667 0.397076 0.148473
1.11441 4.83 0.382056 0.314875 0.147409 0.847041 0.482498 0.222907
1.25547 4.62133 0.344364 0.315948 0.115557 0.905667 0.397076 0.148473
1.00748 4.71613 0.199814 0.357862 0.158597 0.185461 0.222175 -0.957183
-1.00748 4.71613 0.199814 0.303914 0.000850976 -0.185461 0.222175 -0.957183
-1.25547 4.62133 0.344364 0.254119 0.032139 -0.905667 0.397076 0.148473
-1.11441 4.83 0.382056 0.259139 0.002855 -0.847041 0.482498 0.222907
1.00748 4.71613 0.199814 0.944102 0.208308 0.185461 0.222175 -0.957183
0.884115 4.47789 0.221906 0.972296 0.219181 -0.848201 -0.299783 -0.436628
0.810776 4.73032 0.28288 0.962069 0.237016 -0.777429 -0.430708 -0.458296
-0.810776 4.73032 0.28288 0.358035 0.396659 0.777429 -0.430708 -0.458296
-0.884115 4.47789 0.221906 0.361032 0.422642 0.848201 -0.299783 -0.436628
-1.00748 4.71613 0.199814 0.330923 0.431835 -0.185461 0.222175 -0.957183
1.00748 4.71613 0.199814 0.944102 0.208308 0.185461 0.222175 -0.957183
1.12345 4.48074 0.119342 0.949109 0.185091 0.142094 0.298318 -0.943815
0.884115 4.47789 0.221906 0.972296 0.219181 -0.848201 -0.299783 -0.436628
-0.884115 4.47789 0.221906 0.361032 0.422642 0.848201 -0.299783 -0.436628
-1.12345 4.48074 0.119342 0.326759 0.46454 -0.142094 0.298318 -0.943815
-1.00748 4.71613 0.199814 0.330923 0.431835 -0.185461 0.222175 -0.957183
0.280097 4.18554 -0.334421 0.110623 0.890252 0.500534 0.000183 -0.865688
0.419911 3.54339 -0.361462 0.096571 0.837839 0.377789 -0.02707 -0.925474
0.190553 3.57157 -0.350647 0.140102 0.848904 -0.185125 -0.278756 -0.94232
-0.190553 3.57157 -0.350647 0.214308 0.864442 0.185125 -0.278756 -0.94232
-0.419911 3.54339 -0.361462 0.260094 0.872079 -0.377789 -0.02707 -0.925474
-0.280098 4.18554 -0.334421 0.219699 0.913091 -0.500534 0.000183 -0.865688
0.291574 3.29063 0.3402 0.933678 0.958 -0.014008 -0.324076 0.945921
0 3.37767 0.330845 0.886494 0.919481 0 -0.720054 0.693869
-0 3.31486 -0.040882 0.933704 0.857825 0 -0.883663 -0.468093
-0 3.31486 -0.040882 0.933704 0.857825 0 -0.883663 -0.468093
0 3.37767 0.330845 0.886494 0.919481 0 -0.720054 0.693869
-0.291574 3.29063 0.3402 0.837002 0.883975 0.014008 -0.324076 0.945921
0.249455 4.19733 0.219314 0.356846 0.592005 0.408124 0.214179 0.887417
0 4.28617 0.204868 0.397006 0.610782 0 0.082888 0.996551
0 3.89263 0.334146 0.369139 0.637919 0 0.340556 0.940214
0 3.89263 0.334146 0.369139 0.637919 0 0.340556 0.940214
0 4.28617 0.204868 0.397006 0.610782 0 0.082888 0.996551
-0.249455 4.19733 0.219314 0.428474 0.64168 -0.408124 0.214179 0.887417
0 3.89263 0.334146 0.369139 0.637919 0 0.340556 0.940214
0 3.37767 0.330845 0.35543 0.672655 0 -0.720054 0.693869
0.197908 3.63872 0.495797 0.312423 0.636074 0.029328 0.019868 0.999359
-0.197908 3.63872 0.495797 0.637868 0.00503898 -0.029298 0.019868 0.999359
0 3.37767 0.330845 0.637866 0.061505 0 -0.720054 0.693869
0 3.89263 0.334146 0.601255 0.046672 0 0.340556 0.940214
0.506381 3.78607 0.231853 0.431792 0.2547 0.772454 0.218451 0.596271
0.54347 3.43431 0.193833 0.427753 0.283621 0.753533 0.060732 0.654561
0.64927 3.64931 -0.115481 0.361032 0.282595 0.963164 0.122929 -0.239051
-0.64927 3.64931 -0.115481 0.514995 0.716968 -0.963164 0.122929 -0.239051
-0.54347 3.43431 0.193833 0.453088 0.722331 -0.753533 0.060732 0.654561
-0.506381 3.78607 0.231853 0.452409 0.69507 -0.772454 0.218451 0.596271
0.54347 3.43431 0.193833 0.427753 0.283621 0.753533 0.060732 0.654561
0.506381 3.78607 0.231853 0.431792 0.2547 0.772454 0.218451 0.596271
0.197908 3.63872 0.495797 0.514995 0.244567 0.029328 0.019868 0.999359
-0.197908 3.63872 0.495797 0.36925 0.675484 -0.029298 0.019868 0.999359
-0.506381 3.78607 0.231853 0.452409 0.69507 -0.772454 0.218451 0.596271
-0.54347 3.43431 0.193833 0.453088 0.722331 -0.753533 0.060732 0.654561
0.249455 4.19733 0.219314 0.356846 0.592005 0.408124 0.214179 0.887417
0 3.89263 0.334146 0.369139 0.637919 0 0.340556 0.940214
0.197908 3.63872 0.495797 0.312423 0.636074 0.029328 0.019868 0.999359
-0.197908 3.63872 0.495797 0.031967 0.014824 -0.029298 0.019868 0.999359
0 3.89263 0.334146 0.08281 0.014772 0 0.340556 0.940214
-0.249455 4.19733 0.219314 0.054724 0.065626 -0.408124 0.214179 0.887417
0.197908 3.63872 0.495797 0.514995 0.244567 0.029328 0.019868 0.999359
0.506381 3.78607 0.231853 0.431792 0.2547 0.772454 0.218451 0.596271
0.249455 4.19733 0.219314 0.453754 0.214755 0.408124 0.214179 0.887417
-0.249455 4.19733 0.219314 0.428474 0.64168 -0.408124 0.214179 0.887417
-0.506381 3.78607 0.231853 0.452409 0.69507 -0.772454 0.218451 0.596271
-0.197908 3.63872 0.495797 0.36925 0.675484 -0.029298 0.019868 0.999359
0.64927 3.64931 -0.115481 0.035945 0.827757 0.963164 0.122929 -0.239051
0.419911 3.54339 -0.361462 0.096571 0.837839 0.377789 -0.02707 -0.925474
0.280097 4.18554 -0.334421 0.110623 0.890252 0.500534 0.000183 -0.865688
-0.280098 4.18554 -0.334421 0.712005 0.669673 -0.500534 0.000183 -0.865688
-0.419911 3.54339 -0.361462 0.711455 0.719491 -0.377789 -0.02707 -0.925474
-0.64927 3.64931 -0.115481 0.648899 0.714152 -0.963164 0.122929 -0.239051
0.280097 4.18554 -0.334421 0.110623 0.890252 0.500534 0.000183 -0.865688
0.509158 4.18792 -0.115481 0.053474 0.873442 0.981017 0.148686 -0.124241
0.64927 3.64931 -0.115481 0.035945 0.827757 0.963164 0.122929 -0.239051
-0.64927 3.64931 -0.115481 0.648899 0.714152 -0.963164 0.122929 -0.239051
-0.509158 4.18792 -0.115481 0.655196 0.672101 -0.981017 0.148686 -0.124241
-0.280098 4.18554 -0.334421 0.712005 0.669673 -0.500534 0.000183 -0.865688
0.482558 2.12919 -0.098214 0.094944 0.721135 -0.575396 -0.334513 -0.7463
0.634371 2.12919 -0.098215 0.065384 0.714945 0.537217 -0.197546 -0.819941
0.616881 1.7134 0.049211 0.067898 0.679651 -0.059084 -0.246376 -0.967345
-0.616881 1.7134 0.049211 0.308125 0.729951 0.059084 -0.246376 -0.967345
-0.634371 2.12919 -0.098214 0.312423 0.766672 -0.537217 -0.197546 -0.819941
-0.482558 2.12919 -0.098214 0.282863 0.760482 0.575396 -0.334513 -0.7463
0.589293 2.18311 0.323236 0.875842 0.386554 0.157048 0.223334 0.961974
0.560458 2.37781 0.307467 0.873108 0.371281 0.236122 0.009522 0.971648
0.410586 2.1167 0.206528 0.91494 0.364564 -0.938017 -0.153203 0.310831
-0.410586 2.1167 0.206528 0.861013 0.660948 0.938017 -0.153203 0.310831
-0.560458 2.37781 0.307467 0.902281 0.663602 -0.236122 0.009522 0.971648
-0.589293 2.18311 0.323237 0.899385 0.679459 -0.157048 0.223334 0.961974
0.589293 2.18311 0.323236 0.466456 0.373858 0.157048 0.223334 0.961974
0.742596 2.11957 0.136644 0.418802 0.391025 0.99588 0.087313 0.023164
0.560458 2.37781 0.307467 0.463814 0.358834 0.236122 0.009522 0.971648
-0.560458 2.37781 0.307467 0.411514 0.795828 -0.236122 0.009522 0.971648
-0.742596 2.11957 0.136644 0.453108 0.830623 -0.99588 0.087313 0.023164
-0.589293 2.18311 0.323237 0.408225 0.811909 -0.157048 0.223334 0.961974
-0 6.85885 -0.083593 0.448248 0.148105 0 0.964019 -0.265725
0.207928 6.77329 -0.101421 0.489779 0.162535 0.700308 0.660207 -0.27134
-0 6.72238 -0.329367 0.436464 0.198787 0 0.590014 -0.807367
-0 6.72238 -0.329367 0.436464 0.198787 0 0.590014 -0.807367
-0.207928 6.77329 -0.101421 0.405606 0.142205 -0.700308 0.660207 -0.27134
-0 6.85885 -0.083593 0.448248 0.148105 0 0.964019 -0.265725
-0 6.85885 -0.083593 0.448248 0.148105 0 0.964019 -0.265725
0.164021 6.8269 0.142782 0.492924 0.110669 0.563158 0.79809 0.214179
0.207928 6.77329 -0.101421 0.489779 0.162535 0.700308 0.660207 -0.27134
-0.207928 6.77329 -0.101421 0.405606 0.142205 -0.700308 0.660207 -0.27134
-0.164021 6.8269 0.142783 0.426525 0.094631 -0.563158 0.79809 0.214179
-0 6.85885 -0.083593 0.448248 0.148105 0 0.964019 -0.265725
-0 6.85885 -0.083593 0.448248 0.148105 0 0.964019 -0.265725
0 6.85179 0.241736 0.464588 0.082478 0 0.870968 0.491287
0.164021 6.8269 0.142782 0.492924 0.110669 0.563158 0.79809 0.214179
-0.164021 6.8269 0.142783 0.426525 0.094631 -0.563158 0.79809 0.214179
0 6.85179 0.241736 0.464588 0.082478 0 0.870968 0.491287
-0 6.85885 -0.083593 0.448248 0.148105 0 0.964019 -0.265725
0.853733 0.377446 0.286944 0.515011 0.068556 0.130192 0.348186 -0.928312
1.16865 3e-006 -0.238207 0.582281 0.180149 0.810602 -0.22132 -0.5421
0.846114 3e-006 -0.383016 0.514995 0.210427 -0.343516 -0.190374 -0.919614
-0.846114 3e-006 -0.383016 0.710113 0.210427 0.343516 -0.190374 -0.919614
-1.16865 3e-006 -0.238207 0.637882 0.197202 -0.810602 -0.22132 -0.5421
-0.853733 0.377446 0.286945 0.673421 0.073354 -0.130192 0.348186 -0.928312
0.772053 0.400137 0.555816 0.838287 0.172475 -0.227119 0.143376 0.963225
0.66776 3e-006 0.675704 0.869028 0.197641 -0.711447 -0.442274 0.546068
0.866539 3e-006 0.714447 0.838244 0.221507 0.380779 -0.43437 0.816279
-0.866539 3e-006 0.714447 0.336445 0.988591 -0.380779 -0.43437 0.816279
-0.66776 3e-006 0.675704 0.313019 0.968625 0.711447 -0.442274 0.546068
-0.772052 0.400137 0.555816 0.354801 0.951469 0.227119 0.143376 0.963225
0.080957 6.28796 -0.367571 0.451539 0.016398 0.50145 -0.122654 -0.85641
-0 6.28776 -0.463404 0.471462 0.033398 0 -0.237617 -0.971343
-0 6.42007 -0.384626 0.454196 0.034029 0 -0.014191 -0.999878
-0 6.42007 -0.384626 0.454196 0.034029 0 -0.014191 -0.999878
-0 6.28776 -0.463404 0.471462 0.033398 0 -0.237617 -0.971343
-0.080957 6.28796 -0.367571 0.451513 0.050114 -0.50145 -0.122654 -0.85641
-0 6.24328 -0.359402 0.844461 0.990357 0 -0.495071 -0.868831
-0 6.28776 -0.463404 0.858475 0.973806 0 -0.237617 -0.971343
0.080957 6.28796 -0.367571 0.858446 1 0.50145 -0.122654 -0.85641
-0.080957 6.28796 -0.367571 0.832644 0.978154 -0.50145 -0.122654 -0.85641
-0 6.28776 -0.463404 0.858475 0.973806 0 -0.237617 -0.971343
-0 6.24328 -0.359402 0.844461 0.990357 0 -0.495071 -0.868831
-0 5.96418 -0.311486 0.808777 0.10713 0 -0.811548 -0.584277
0.075429 5.96956 -0.293755 0.804208 0.122651 0.464492 -0.783471 -0.412793
-0 6.01572 -0.089603 0.762487 0.104571 0 -0.994659 -0.103
-0 6.01572 -0.089603 0.762487 0.104571 0 -0.994659 -0.103
-0.075429 5.96956 -0.293755 0.805947 0.091199 -0.464492 -0.783471 -0.412793
-0 5.96418 -0.311486 0.808777 0.10713 0 -0.811548 -0.584277
0.080957 6.28796 -0.367571 0.149941 0.348148 0.50145 -0.122654 -0.85641
-0 5.96418 -0.311486 0.175912 0.361552 0 -0.811548 -0.584277
-0 6.24328 -0.359402 0.153523 0.363854 0 -0.495071 -0.868831
-0 6.24328 -0.359402 0.153523 0.363854 0 -0.495071 -0.868831
-0 5.96418 -0.311486 0.175912 0.361552 0 -0.811548 -0.584277
-0.080957 6.28796 -0.367571 0.149913 0.380358 -0.50145 -0.122654 -0.85641
0.080957 6.28796 -0.367571 0.149941 0.348148 0.50145 -0.122654 -0.85641
0.075429 5.96956 -0.293755 0.175913 0.345415 0.464492 -0.783471 -0.412793
-0 5.96418 -0.311486 0.175912 0.361552 0 -0.811548 -0.584277
-0 5.96418 -0.311486 0.175912 0.361552 0 -0.811548 -0.584277
-0.075429 5.96956 -0.293755 0.175887 0.375426 -0.464492 -0.783471 -0.412793
-0.080957 6.28796 -0.367571 0.149913 0.380358 -0.50145 -0.122654 -0.85641
1.16865 3e-006 -0.238207 0.872413 0.219399 0.810602 -0.22132 -0.5421
0.990573 3e-006 0.504813 0.88106 0.060101 0.788079 -0.536424 0.301859
0.700803 3e-006 0.420506 0.943745 0.066524 -0.769738 -0.621418 -0.146001
-0.700803 3e-006 0.420506 0.154142 0.251945 0.769738 -0.621418 -0.146001
-0.990573 3e-006 0.504813 0.091457 0.258368 -0.788079 -0.536424 0.301859
-1.16865 3e-006 -0.238207 0.08281 0.09907 -0.810602 -0.22132 -0.5421
0.846114 3e-006 -0.383016 0.944102 0.237016 -0.343516 -0.190374 -0.919614
1.16865 3e-006 -0.238207 0.872413 0.219399 0.810602 -0.22132 -0.5421
0.700803 3e-006 0.420506 0.943745 0.066524 -0.769738 -0.621418 -0.146001
-0.700803 3e-006 0.420506 0.154142 0.251945 0.769738 -0.621418 -0.146001
-1.16865 3e-006 -0.238207 0.08281 0.09907 -0.810602 -0.22132 -0.5421
-0.846114 3e-006 -0.383016 0.154499 0.081453 0.343516 -0.190374 -0.919614
0.866539 3e-006 0.714447 0.898656 0.012383 0.380779 -0.43437 0.816279
0.700803 3e-006 0.420506 0.943745 0.066524 -0.769738 -0.621418 -0.146001
0.990573 3e-006 0.504813 0.88106 0.060101 0.788079 -0.536424 0.301859
-0.990573 3e-006 0.504813 0.091457 0.258368 -0.788079 -0.536424 0.301859
-0.700803 3e-006 0.420506 0.154142 0.251945 0.769738 -0.621418 -0.146001
-0.866539 3e-006 0.714447 0.109053 0.306086 -0.380779 -0.43437 0.816279
0.866539 3e-006 0.714447 0.898656 0.012383 0.380779 -0.43437 0.816279
0.66776 3e-006 0.675704 0.940939 0.012868 -0.711447 -0.442274 0.546068
0.700803 3e-006 0.420506 0.943745 0.066524 -0.769738 -0.621418 -0.146001
-0.700803 3e-006 0.420506 0.154142 0.251945 0.769738 -0.621418 -0.146001
-0.66776 3e-006 0.675704 0.151337 0.3056 0.711447 -0.442274 0.546068
-0.866539 3e-006 0.714447 0.109053 0.306086 -0.380779 -0.43437 0.816279
0.700803 3e-006 0.420506 0.757175 0.023209 -0.769738 -0.621418 -0.146001
0.66776 3e-006 0.675704 0.718913 0.060152 -0.711447 -0.442274 0.546068
0.772053 0.400137 0.555816 0.718873 0.017085 -0.227119 0.143376 0.963225
-0.772052 0.400137 0.555816 0.875636 0.82768 0.227119 0.143376 0.963225
-0.66776 3e-006 0.675704 0.863198 0.857825 0.711447 -0.442274 0.546068
-0.700803 3e-006 0.420506 0.832644 0.835834 0.769738 -0.621418 -0.146001
0.704658 0.404196 0.456766 0.92521 0.514518 -0.99353 -0.113437 -0.004242
0.700803 3e-006 0.420506 0.945596 0.533851 -0.769738 -0.621418 -0.146001
0.772053 0.400137 0.555816 0.908119 0.530833 -0.227119 0.143376 0.963225
-0.772052 0.400137 0.555816 0.875636 0.82768 0.227119 0.143376 0.963225
-0.700803 3e-006 0.420506 0.832644 0.835834 0.769738 -0.621418 -0.146001
-0.704658 0.404196 0.456766 0.855011 0.813625 0.99353 -0.113437 -0.004242
0.990573 3e-006 0.504813 0.545835 0.025669 0.788079 -0.536424 0.301859
1.16865 3e-006 -0.238207 0.582281 0.180149 0.810602 -0.22132 -0.5421
0.853733 0.377446 0.286944 0.515011 0.068556 0.130192 0.348186 -0.928312
-0.853733 0.377446 0.286945 0.673421 0.073354 -0.130192 0.348186 -0.928312
-1.16865 3e-006 -0.238207 0.637882 0.197202 -0.810602 -0.22132 -0.5421
-0.990573 3e-006 0.504813 0.637868 0.038018 -0.788079 -0.536424 0.301859
0.935441 0.404159 0.45767 0.006248 0.555229 0.951506 0.11066 0.286996
0.990573 3e-006 0.504813 0.000138 0.52134 0.788079 -0.536424 0.301859
0.853733 0.377446 0.286944 0.032392 0.562542 0.130192 0.348186 -0.928312
-0.853733 0.377446 0.286945 0.565825 0.968907 -0.130192 0.348186 -0.928312
-0.990573 3e-006 0.504813 0.515451 1 -0.788079 -0.536424 0.301859
-0.935441 0.404159 0.457671 0.526863 0.968395 -0.951506 0.11066 0.286996
0.700803 3e-006 0.420506 0 0.41835 -0.769738 -0.621418 -0.146001
0.704658 0.404196 0.456766 0.013186 0.389329 -0.99353 -0.113437 -0.004242
0.853733 0.377446 0.286944 0.045958 0.416451 0.130192 0.348186 -0.928312
-0.853733 0.377446 0.286945 0.91679 0.689182 -0.130192 0.348186 -0.928312
-0.704658 0.404196 0.456766 0.955714 0.678099 0.99353 -0.113437 -0.004242
-0.700803 3e-006 0.420506 0.962796 0.707407 0.769738 -0.621418 -0.146001
0.846114 3e-006 -0.383016 0.134964 0.52134 -0.343516 -0.190374 -0.919614
0.700803 3e-006 0.420506 0 0.41835 -0.769738 -0.621418 -0.146001
0.853733 0.377446 0.286944 0.045958 0.416451 0.130192 0.348186 -0.928312
-0.853733 0.377446 0.286945 0.673421 0.073354 -0.130192 0.348186 -0.928312
-0.700803 3e-006 0.420506 0.700541 0.040636 0.769738 -0.621418 -0.146001
-0.846114 3e-006 -0.383016 0.710113 0.210427 0.343516 -0.190374 -0.919614
0.990573 3e-006 0.504813 0.487207 0.545123 0.788079 -0.536424 0.301859
0.935441 0.404159 0.45767 0.47883 0.514625 0.951506 0.11066 0.286996
0.772053 0.400137 0.555816 0.514824 0.505224 -0.227119 0.143376 0.963225
-0.772052 0.400137 0.555816 0.354801 0.951469 0.227119 0.143376 0.963225
-0.935441 0.404159 0.457671 0.391319 0.967026 -0.951506 0.11066 0.286996
-0.990573 3e-006 0.504813 0.381912 1 -0.788079 -0.536424 0.301859
0.866539 3e-006 0.714447 0.773595 0.046976 0.380779 -0.43437 0.816279
0.990573 3e-006 0.504813 0.808726 0.010642 0.788079 -0.536424 0.301859
0.772053 0.400137 0.555816 0.808777 0.060152 -0.227119 0.143376 0.963225
-0.772052 0.400137 0.555816 0.354801 0.951469 0.227119 0.143376 0.963225
-0.990573 3e-006 0.504813 0.381912 1 -0.788079 -0.536424 0.301859
-0.866539 3e-006 0.714447 0.336445 0.988591 -0.380779 -0.43437 0.816279
0.207928 6.77329 -0.101421 0.489779 0.162535 0.700308 0.660207 -0.27134
0.285688 6.62615 0.076018 0.514995 0.131658 0.973907 0.217689 0.064089
0.196683 6.67624 -0.241806 0.480847 0.191084 0.712699 0.414808 -0.56563
-0.196683 6.67624 -0.241806 0.819366 0.051735 -0.712699 0.414808 -0.56563
-0.285688 6.62615 0.076018 0.815806 0.120666 -0.973907 0.217689 0.064089
-0.207928 6.77329 -0.101421 0.808777 0.079631 -0.700308 0.660207 -0.27134
0.207928 6.77329 -0.101421 0.489779 0.162535 0.700308 0.660207 -0.27134
0.164021 6.8269 0.142782 0.492924 0.110669 0.563158 0.79809 0.214179
0.285688 6.62615 0.076018 0.514995 0.131658 0.973907 0.217689 0.064089
-0.285688 6.62615 0.076018 0.399343 0.103724 -0.973907 0.217689 0.064089
-0.164021 6.8269 0.142783 0.426525 0.094631 -0.563158 0.79809 0.214179
-0.207928 6.77329 -0.101421 0.405606 0.142205 -0.700308 0.660207 -0.27134
-0 6.72238 -0.329367 0.758011 0.051343 0 0.590014 -0.807367
0.196683 6.67624 -0.241806 0.773551 0.00924999 0.712699 0.414808 -0.56563
-0 6.47678 -0.398993 0.773595 0.060152 0 0.046083 -0.998932
-0 6.47678 -0.398993 0.433943 0.214755 0 0.046083 -0.998932
-0.196683 6.67624 -0.241806 0.401226 0.171852 -0.712699 0.414808 -0.56563
-0 6.72238 -0.329367 0.436464 0.198787 0 0.590014 -0.807367
-0 6.42007 -0.384626 0.139457 0.364988 0 -0.014191 -0.999878
0.224034 6.33827 -0.289169 0.147892 0.314613 0.795495 -0.008667 -0.605853
0.080957 6.28796 -0.367571 0.149941 0.348148 0.50145 -0.122654 -0.85641
-0.080957 6.28796 -0.367571 0.717106 0.498808 -0.50145 -0.122654 -0.85641
-0.224035 6.33827 -0.289169 0.710141 0.521236 -0.795495 -0.008667 -0.605853
-0 6.42007 -0.384626 0.710113 0.481584 0 -0.014191 -0.999878
-0 6.42007 -0.384626 0.710246 0.577775 0 -0.014191 -0.999878
0.232429 6.42037 -0.245609 0.710113 0.521236 0.898373 0.045778 -0.436781
0.224034 6.33827 -0.289169 0.717696 0.527284 0.795495 -0.008667 -0.605853
-0.224035 6.33827 -0.289169 0.319696 0.449898 -0.795495 -0.008667 -0.605853
-0.232429 6.42037 -0.245609 0.312559 0.456679 -0.898373 0.045778 -0.436781
-0 6.42007 -0.384626 0.312621 0.400456 0 -0.014191 -0.999878
0.410586 2.1167 0.206528 0.950327 0.455415 -0.938017 -0.153203 0.310831
0.482558 2.12919 -0.098214 0.987044 0.509501 -0.575396 -0.334513 -0.7463
0.616881 1.7134 0.049211 0.945596 0.509534 -0.059084 -0.246376 -0.967345
-0.616881 1.7134 0.049211 0.828697 0.346606 0.059084 -0.246376 -0.967345
-0.482558 2.12919 -0.098214 0.846733 0.383924 0.575396 -0.334513 -0.7463
-0.410586 2.1167 0.206528 0.782051 0.374453 0.938017 -0.153203 0.310831
0.428354 1.41799 0.365999 0.061987 0.329809 -0.985137 -0.130192 0.111881
0.410586 2.1167 0.206528 0.119098 0.306086 -0.938017 -0.153203 0.310831
0.616881 1.7134 0.049211 0.135022 0.356485 -0.059084 -0.246376 -0.967345
-0.616881 1.7134 0.049211 0.916558 0.576123 0.059084 -0.246376 -0.967345
-0.410586 2.1167 0.206528 0.957265 0.533851 0.938017 -0.153203 0.310831
-0.428353 1.41799 0.365999 0.979766 0.586365 0.985137 -0.130192 0.111881
0.428354 1.41799 0.365999 0.061987 0.329809 -0.985137 -0.130192 0.111881
0.616881 1.7134 0.049211 0.135022 0.356485 -0.059084 -0.246376 -0.967345
0.853733 0.377446 0.286944 0.045958 0.416451 0.130192 0.348186 -0.928312
-0.853733 0.377446 0.286945 0.91679 0.689182 -0.130192 0.348186 -0.928312
-0.616881 1.7134 0.049211 0.916558 0.576123 0.059084 -0.246376 -0.967345
-0.428353 1.41799 0.365999 0.979766 0.586365 0.985137 -0.130192 0.111881
0.704658 0.404196 0.456766 0.013186 0.389329 -0.99353 -0.113437 -0.004242
0.428354 1.41799 0.365999 0.061987 0.329809 -0.985137 -0.130192 0.111881
0.853733 0.377446 0.286944 0.045958 0.416451 0.130192 0.348186 -0.928312
-0.853733 0.377446 0.286945 0.91679 0.689182 -0.130192 0.348186 -0.928312
-0.428353 1.41799 0.365999 0.979766 0.586365 0.985137 -0.130192 0.111881
-0.704658 0.404196 0.456766 0.955714 0.678099 0.99353 -0.113437 -0.004242
0.589293 2.18311 0.323236 0.875842 0.386554 0.157048 0.223334 0.961974
0.410586 2.1167 0.206528 0.91494 0.364564 -0.938017 -0.153203 0.310831
0.428354 1.41799 0.365999 0.931741 0.425171 -0.985137 -0.130192 0.111881
-0.428353 1.41799 0.365999 0.854872 0.721971 0.985137 -0.130192 0.111881
-0.410586 2.1167 0.206528 0.861013 0.660948 0.938017 -0.153203 0.310831
-0.589293 2.18311 0.323237 0.899385 0.679459 -0.157048 0.223334 0.961974
0.685926 1.50772 0.583654 0.872413 0.462887 0.074587 0.186224 0.979644
0.589293 2.18311 0.323236 0.875842 0.386554 0.157048 0.223334 0.961974
0.428354 1.41799 0.365999 0.931741 0.425171 -0.985137 -0.130192 0.111881
-0.428353 1.41799 0.365999 0.854872 0.721971 0.985137 -0.130192 0.111881
-0.589293 2.18311 0.323237 0.899385 0.679459 -0.157048 0.223334 0.961974
-0.685926 1.50772 0.583654 0.916558 0.753713 -0.074587 0.186224 0.979644
0.685926 1.50772 0.583654 0.872413 0.462887 0.074587 0.186224 0.979644
0.428354 1.41799 0.365999 0.931741 0.425171 -0.985137 -0.130192 0.111881
0.704658 0.404196 0.456766 0.92521 0.514518 -0.99353 -0.113437 -0.004242
-0.704658 0.404196 0.456766 0.855011 0.813625 0.99353 -0.113437 -0.004242
-0.428353 1.41799 0.365999 0.854872 0.721971 0.985137 -0.130192 0.111881
-0.685926 1.50772 0.583654 0.916558 0.753713 -0.074587 0.186224 0.979644
0.772053 0.400137 0.555816 0.908119 0.530833 -0.227119 0.143376 0.963225
0.685926 1.50772 0.583654 0.872413 0.462887 0.074587 0.186224 0.979644
0.704658 0.404196 0.456766 0.92521 0.514518 -0.99353 -0.113437 -0.004242
-0.704658 0.404196 0.456766 0.855011 0.813625 0.99353 -0.113437 -0.004242
-0.685926 1.50772 0.583654 0.916558 0.753713 -0.074587 0.186224 0.979644
-0.772052 0.400137 0.555816 0.875636 0.82768 0.227119 0.143376 0.963225
0.906883 1.40789 0.346212 0.445543 0.442819 0.993652 0.112186 0.003967
0.589293 2.18311 0.323236 0.466456 0.373858 0.157048 0.223334 0.961974
0.685926 1.50772 0.583654 0.509022 0.418576 0.074587 0.186224 0.979644
-0.685926 1.50772 0.583654 0.369187 0.868275 -0.074587 0.186224 0.979644
-0.589293 2.18311 0.323237 0.408225 0.811909 -0.157048 0.223334 0.961974
-0.906882 1.40789 0.346213 0.429495 0.895947 -0.993652 0.112186 0.003967
0.906883 1.40789 0.346212 0.445543 0.442819 0.993652 0.112186 0.003967
0.742596 2.11957 0.136644 0.418802 0.391025 0.99588 0.087313 0.023164
0.589293 2.18311 0.323236 0.466456 0.373858 0.157048 0.223334 0.961974
-0.589293 2.18311 0.323237 0.408225 0.811909 -0.157048 0.223334 0.961974
-0.742596 2.11957 0.136644 0.453108 0.830623 -0.99588 0.087313 0.023164
-0.906882 1.40789 0.346213 0.429495 0.895947 -0.993652 0.112186 0.003967
0.906883 1.40789 0.346212 0.445543 0.442819 0.993652 0.112186 0.003967
0.685926 1.50772 0.583654 0.509022 0.418576 0.074587 0.186224 0.979644
0.772053 0.400137 0.555816 0.514824 0.505224 -0.227119 0.143376 0.963225
-0.772052 0.400137 0.555816 0.354801 0.951469 0.227119 0.143376 0.963225
-0.685926 1.50772 0.583654 0.369187 0.868275 -0.074587 0.186224 0.979644
-0.906882 1.40789 0.346213 0.429495 0.895947 -0.993652 0.112186 0.003967
0.935441 0.404159 0.45767 0.47883 0.514625 0.951506 0.11066 0.286996
0.906883 1.40789 0.346212 0.445543 0.442819 0.993652 0.112186 0.003967
0.772053 0.400137 0.555816 0.514824 0.505224 -0.227119 0.143376 0.963225
-0.772052 0.400137 0.555816 0.354801 0.951469 0.227119 0.143376 0.963225
-0.906882 1.40789 0.346213 0.429495 0.895947 -0.993652 0.112186 0.003967
-0.935441 0.404159 0.457671 0.391319 0.967026 -0.951506 0.11066 0.286996
0.616881 1.7134 0.049211 0.067898 0.679651 -0.059084 -0.246376 -0.967345
0.742596 2.11957 0.136644 0.031072 0.701614 0.99588 0.087313 0.023164
0.906883 1.40789 0.346212 0 0.634779 0.993652 0.112186 0.003967
-0.906882 1.40789 0.346213 0.54803 0.890496 -0.993652 0.112186 0.003967
-0.742596 2.11957 0.136644 0.597322 0.833669 -0.99588 0.087313 0.023164
-0.616881 1.7134 0.049211 0.623065 0.863617 0.059084 -0.246376 -0.967345
0.616881 1.7134 0.049211 0.067898 0.679651 -0.059084 -0.246376 -0.967345
0.634371 2.12919 -0.098215 0.065384 0.714945 0.537217 -0.197546 -0.819941
0.742596 2.11957 0.136644 0.031072 0.701614 0.99588 0.087313 0.023164
-0.742596 2.11957 0.136644 0.597322 0.833669 -0.99588 0.087313 0.023164
-0.634371 2.12919 -0.098214 0.650555 0.830836 -0.537217 -0.197546 -0.819941
-0.616881 1.7134 0.049211 0.623065 0.863617 0.059084 -0.246376 -0.967345
0.853733 0.377446 0.286944 0.032392 0.562542 0.130192 0.348186 -0.928312
0.906883 1.40789 0.346212 0 0.634779 0.993652 0.112186 0.003967
0.935441 0.404159 0.45767 0.006248 0.555229 0.951506 0.11066 0.286996
-0.935441 0.404159 0.457671 0.526863 0.968395 -0.951506 0.11066 0.286996
-0.906882 1.40789 0.346213 0.54803 0.890496 -0.993652 0.112186 0.003967
-0.853733 0.377446 0.286945 0.565825 0.968907 -0.130192 0.348186 -0.928312
0.853733 0.377446 0.286944 0.032392 0.562542 0.130192 0.348186 -0.928312
0.616881 1.7134 0.049211 0.067898 0.679651 -0.059084 -0.246376 -0.967345
0.906883 1.40789 0.346212 0 0.634779 0.993652 0.112186 0.003967
-0.906882 1.40789 0.346213 0.54803 0.890496 -0.993652 0.112186 0.003967
-0.616881 1.7134 0.049211 0.623065 0.863617 0.059084 -0.246376 -0.967345
-0.853733 0.377446 0.286945 0.565825 0.968907 -0.130192 0.348186 -0.928312
0.291574 3.29063 0.3402 0.485047 0.279527 -0.014008 -0.324076 0.945921
0.54347 3.43431 0.193833 0.427753 0.283621 0.753533 0.060732 0.654561
0.197908 3.63872 0.495797 0.514995 0.244567 0.029328 0.019868 0.999359
-0.197908 3.63872 0.495797 0.36925 0.675484 -0.029298 0.019868 0.999359
-0.54347 3.43431 0.193833 0.453088 0.722331 -0.753533 0.060732 0.654561
-0.291574 3.29063 0.3402 0.393665 0.707602 0.014008 -0.324076 0.945921
0 3.37767 0.330845 0.886494 0.919481 0 -0.720054 0.693869
0.291574 3.29063 0.3402 0.933678 0.958 -0.014008 -0.324076 0.945921
0.197908 3.63872 0.495797 0.898264 0.972081 0.029328 0.019868 0.999359
-0.197908 3.63872 0.495797 0.832644 0.921836 -0.029298 0.019868 0.999359
-0.291574 3.29063 0.3402 0.837002 0.883975 0.014008 -0.324076 0.945921
0 3.37767 0.330845 0.886494 0.919481 0 -0.720054 0.693869
0.884115 4.47789 0.221906 0.793198 0.251087 -0.848201 -0.299783 -0.436628
1.34162 3.89456 0.236713 0.790184 0.346606 -0.310129 -0.207221 0.927824
0.932337 4.57002 0.577449 0.718873 0.260928 -0.257149 -0.269936 0.927885
-0.932337 4.57002 0.577449 0.177357 0.229276 0.257149 -0.269936 0.927885
-1.34162 3.89456 0.236713 0.177443 0.117804 0.310129 -0.207221 0.927824
-0.884115 4.47789 0.221906 0.24081 0.189342 0.848201 -0.299783 -0.436628
0.884115 4.47789 0.221906 0.793198 0.251087 -0.848201 -0.299783 -0.436628
1.31228 3.86419 0.032666 0.832826 0.340611 -0.833918 0.036073 -0.550645
1.34162 3.89456 0.236713 0.790184 0.346606 -0.310129 -0.207221 0.927824
-1.34162 3.89456 0.236713 0.177443 0.117804 0.310129 -0.207221 0.927824
-1.31228 3.86419 0.032666 0.214071 0.095162 0.833918 0.036073 -0.550645
-0.884115 4.47789 0.221906 0.24081 0.189342 0.848201 -0.299783 -0.436628
0.810776 4.73032 0.28288 0.780353 0.235734 -0.777429 -0.430708 -0.458296
0.884115 4.47789 0.221906 0.793198 0.251087 -0.848201 -0.299783 -0.436628
0.932337 4.57002 0.577449 0.718873 0.260928 -0.257149 -0.269936 0.927885
-0.932337 4.57002 0.577449 0.177357 0.229276 0.257149 -0.269936 0.927885
-0.884115 4.47789 0.221906 0.24081 0.189342 0.848201 -0.299783 -0.436628
-0.810776 4.73032 0.28288 0.240744 0.209359 0.777429 -0.430708 -0.458296
1.12345 4.48074 0.119342 0.949109 0.185091 0.142094 0.298318 -0.943815
1.31228 3.86419 0.032666 0.972301 0.135779 -0.833918 0.036073 -0.550645
0.884115 4.47789 0.221906 0.972296 0.219181 -0.848201 -0.299783 -0.436628
-0.884115 4.47789 0.221906 0.361032 0.422642 0.848201 -0.299783 -0.436628
-1.31228 3.86419 0.032666 0.336393 0.527237 0.833918 0.036073 -0.550645
-1.12345 4.48074 0.119342 0.326759 0.46454 -0.142094 0.298318 -0.943815
1.12345 4.48074 0.119342 0.949109 0.185091 0.142094 0.298318 -0.943815
1.41757 3.87328 -0.007776 0.961515 0.120763 0.360881 0.349681 -0.864559
1.31228 3.86419 0.032666 0.972301 0.135779 -0.833918 0.036073 -0.550645
-1.31228 3.86419 0.032666 0.336393 0.527237 0.833918 0.036073 -0.550645
-1.41757 3.87328 -0.007776 0.321107 0.545123 -0.360881 0.349681 -0.864559
-1.12345 4.48074 0.119342 0.326759 0.46454 -0.142094 0.298318 -0.943815
1.34162 3.89456 0.236713 0.028536 0.253615 -0.310129 -0.207221 0.927824
1.49563 3.92134 0.14591 0 0.273562 0.933164 0.318674 0.166082
1.25547 4.62133 0.344364 0.017483 0.191827 0.905667 0.397076 0.148473
-1.25547 4.62133 0.344364 0.783049 0.897292 -0.905667 0.397076 0.148473
-1.49563 3.92134 0.145911 0.771003 0.977965 -0.933164 0.318674 0.166082
-1.34162 3.89456 0.236713 0.752206 0.945844 0.310129 -0.207221 0.927824
0.932337 4.57002 0.577449 0.08281 0.145604 -0.257149 -0.269936 0.927885
1.34162 3.89456 0.236713 0.028536 0.253615 -0.310129 -0.207221 0.927824
1.25547 4.62133 0.344364 0.017483 0.191827 0.905667 0.397076 0.148473
-1.25547 4.62133 0.344364 0.783049 0.897292 -0.905667 0.397076 0.148473
-1.34162 3.89456 0.236713 0.752206 0.945844 0.310129 -0.207221 0.927824
-0.932337 4.57002 0.577449 0.73944 0.826338 0.257149 -0.269936 0.927885
0.932337 4.57002 0.577449 0.08281 0.145604 -0.257149 -0.269936 0.927885
1.25547 4.62133 0.344364 0.017483 0.191827 0.905667 0.397076 0.148473
1.11441 4.83 0.382056 0.026674 0.163698 0.847041 0.482498 0.222907
-1.11441 4.83 0.382056 0.785508 0.863298 -0.847041 0.482498 0.222907
-1.25547 4.62133 0.344364 0.783049 0.897292 -0.905667 0.397076 0.148473
-0.932337 4.57002 0.577449 0.73944 0.826338 0.257149 -0.269936 0.927885
1.49563 3.92134 0.14591 0.346524 0.051849 0.933164 0.318674 0.166082
1.41757 3.87328 -0.007776 0.381889 0.05919 0.360881 0.349681 -0.864559
1.12345 4.48074 0.119342 0.369026 0.129372 0.142094 0.298318 -0.943815
-1.12345 4.48074 0.119342 0.309404 0.029665 -0.142094 0.298318 -0.943815
-1.41757 3.87328 -0.007776 0.309303 0.095162 -0.360881 0.349681 -0.864559
-1.49563 3.92134 0.145911 0.273129 0.094529 -0.933164 0.318674 0.166082
1.25547 4.62133 0.344364 0.315948 0.115557 0.905667 0.397076 0.148473
1.49563 3.92134 0.14591 0.346524 0.051849 0.933164 0.318674 0.166082
1.12345 4.48074 0.119342 0.369026 0.129372 0.142094 0.298318 -0.943815
-1.12345 4.48074 0.119342 0.309404 0.029665 -0.142094 0.298318 -0.943815
-1.49563 3.92134 0.145911 0.273129 0.094529 -0.933164 0.318674 0.166082
-1.25547 4.62133 0.344364 0.254119 0.032139 -0.905667 0.397076 0.148473
0.570814 5.43151 0.004217 0.869019 0.309897 0.635914 0.048799 -0.770196
0.629768 5.66133 0.056357 0.849708 0.298135 0.480575 0.366192 -0.796808
0.714278 5.35339 0.057683 0.869289 0.277383 0.412152 -0.124241 -0.902585
-0.714279 5.35339 0.057683 0.254076 0.095162 -0.412152 -0.124241 -0.902585
-0.629768 5.66133 0.056357 0.236219 0.07189 -0.480575 0.366192 -0.796808
-0.570814 5.43151 0.004217 0.254119 0.068805 -0.635914 0.048799 -0.770196
0.570814 5.43151 0.004217 0.869019 0.309897 0.635914 0.048799 -0.770196
0.410405 5.74556 -0.01396 0.852038 0.346606 0.352458 0.62978 -0.69216
0.629768 5.66133 0.056357 0.849708 0.298135 0.480575 0.366192 -0.796808
-0.629768 5.66133 0.056357 0.236219 0.07189 -0.480575 0.366192 -0.796808
-0.410405 5.74556 -0.01396 0.23929 0.031785 -0.352458 0.62978 -0.69216
-0.570814 5.43151 0.004217 0.254119 0.068805 -0.635914 0.048799 -0.770196
1.00748 4.71613 0.199814 0.79758 0.276859 0.185461 0.222175 -0.957183
0.810776 4.73032 0.28288 0.780353 0.235734 -0.777429 -0.430708 -0.458296
0.714278 5.35339 0.057683 0.827039 0.215728 0.412152 -0.124241 -0.902585
-0.714279 5.35339 0.057683 0.319696 0.360002 -0.412152 -0.124241 -0.902585
-0.810776 4.73032 0.28288 0.358035 0.396659 0.777429 -0.430708 -0.458296
-1.00748 4.71613 0.199814 0.330923 0.431835 -0.185461 0.222175 -0.957183
0.932337 4.57002 0.577449 0.08281 0.145604 -0.257149 -0.269936 0.927885
0.909326 5.27283 0.311465 0.016795 0.1263 0.957244 0.270821 0.101535
0.66013 5.37694 0.523212 0.064741 0.07884 0.289529 -0.018983 0.956969
-0.66013 5.37694 0.523212 0.783362 0.756644 -0.289529 -0.018983 0.956969
-0.909326 5.27283 0.311466 0.811192 0.818957 -0.957244 0.270821 0.101535
-0.932337 4.57002 0.577449 0.73944 0.826338 0.257149 -0.269936 0.927885
0.932337 4.57002 0.577449 0.08281 0.145604 -0.257149 -0.269936 0.927885
1.11441 4.83 0.382056 0.026674 0.163698 0.847041 0.482498 0.222907
0.909326 5.27283 0.311465 0.016795 0.1263 0.957244 0.270821 0.101535
-0.909326 5.27283 0.311466 0.811192 0.818957 -0.957244 0.270821 0.101535
-1.11441 4.83 0.382056 0.785508 0.863298 -0.847041 0.482498 0.222907
-0.932337 4.57002 0.577449 0.73944 0.826338 0.257149 -0.269936 0.927885
1.00748 4.71613 0.199814 0.357862 0.158597 0.185461 0.222175 -0.957183
0.714278 5.35339 0.057683 0.399021 0.214755 0.412152 -0.124241 -0.902585
0.909326 5.27283 0.311465 0.337874 0.188172 0.957244 0.270821 0.101535
-0.909326 5.27283 0.311466 0.93951 0.929206 -0.957244 0.270821 0.101535
-0.714279 5.35339 0.057683 0.981155 0.882852 -0.412152 -0.124241 -0.902585
-1.00748 4.71613 0.199814 0.980994 0.949908 -0.185461 0.222175 -0.957183
1.11441 4.83 0.382056 0.314875 0.147409 0.847041 0.482498 0.222907
1.00748 4.71613 0.199814 0.357862 0.158597 0.185461 0.222175 -0.957183
0.909326 5.27283 0.311465 0.337874 0.188172 0.957244 0.270821 0.101535
-0.909326 5.27283 0.311466 0.93951 0.929206 -0.957244 0.270821 0.101535
-1.00748 4.71613 0.199814 0.980994 0.949908 -0.185461 0.222175 -0.957183
-1.11441 4.83 0.382056 0.943574 0.972081 -0.847041 0.482498 0.222907
0.640606 5.70074 0.438016 0.527323 0.261303 0.445753 0.590258 0.672933
0.541714 5.80617 0.167743 0.582829 0.282896 0.358135 0.912076 -0.199561
0.326618 5.79969 0.493383 0.515099 0.327162 0.242042 0.61095 0.753746
-0.326617 5.79969 0.493384 0.514995 0.463184 -0.242042 0.61095 0.753746
-0.541714 5.80617 0.167743 0.582657 0.508497 -0.358135 0.912076 -0.199561
-0.640606 5.70074 0.438016 0.52712 0.528089 -0.445753 0.590258 0.672933
0.640606 5.70074 0.438016 0.527323 0.261303 0.445753 0.590258 0.672933
0.759904 5.7586 0.212589 0.573851 0.237126 0.636555 0.755272 -0.15598
0.541714 5.80617 0.167743 0.582829 0.282896 0.358135 0.912076 -0.199561
-0.541714 5.80617 0.167743 0.582657 0.508497 -0.358135 0.912076 -0.199561
-0.759903 5.7586 0.212589 0.57361 0.553594 -0.636555 0.755272 -0.15598
-0.640606 5.70074 0.438016 0.52712 0.528089 -0.445753 0.590258 0.672933
0.208532 5.94068 0.157464 0.584021 0.35305 0.710196 0.662008 -0.239387
0 6.00732 0.401235 0.532837 0.396485 0 0.555895 0.831233
0.326618 5.79969 0.493383 0.515099 0.327162 0.242042 0.61095 0.753746
-0.326617 5.79969 0.493384 0.514995 0.463184 -0.242042 0.61095 0.753746
0 6.00732 0.401235 0.532837 0.396485 0 0.555895 0.831233
-0.208532 5.94068 0.157464 0.583955 0.439895 -0.710196 0.662008 -0.239387
0.541714 5.80617 0.167743 0.582829 0.282896 0.358135 0.912076 -0.199561
0.208532 5.94068 0.157464 0.584021 0.35305 0.710196 0.662008 -0.239387
0.326618 5.79969 0.493383 0.515099 0.327162 0.242042 0.61095 0.753746
-0.326617 5.79969 0.493384 0.514995 0.463184 -0.242042 0.61095 0.753746
-0.208532 5.94068 0.157464 0.583955 0.439895 -0.710196 0.662008 -0.239387
-0.541714 5.80617 0.167743 0.582657 0.508497 -0.358135 0.912076 -0.199561
0.488148 4.62615 -0.076557 0.047407 0.905461 0.996277 -0.029664 0.080752
0.352147 4.98576 -0.399826 0.08584 0.948988 0.519547 0.005646 -0.854396
0.384406 5.15107 -0.359876 0.074284 0.958545 0.650899 -0.110599 -0.751061
-0.384406 5.15107 -0.359876 0.708573 0.595952 -0.650899 -0.110599 -0.751061
-0.352147 4.98576 -0.399826 0.718873 0.608209 -0.519547 0.005646 -0.854396
-0.488148 4.62615 -0.076557 0.647304 0.63862 -0.996277 -0.029664 0.080752
0 6.27779 0.351453 0.955018 0.055131 0 -0.15952 0.987182
0 6.00732 0.401235 0.977492 0.053344 0 0.555895 0.831233
0.208532 5.94068 0.157464 0.963265 0.118949 0.710196 0.662008 -0.239387
-0.208532 5.94068 0.157464 0.157427 0.149527 -0.710196 0.662008 -0.239387
0 6.00732 0.401235 0.154499 0.084657 0 0.555895 0.831233
0 6.27779 0.351453 0.17711 0.089759 0 -0.15952 0.987182
0.201417 6.16709 0.108006 0.944265 0.120763 0.91522 -0.291726 0.277871
0 6.27779 0.351453 0.955018 0.055131 0 -0.15952 0.987182
0.208532 5.94068 0.157464 0.963265 0.118949 0.710196 0.662008 -0.239387
-0.208532 5.94068 0.157464 0.157427 0.149527 -0.710196 0.662008 -0.239387
0 6.27779 0.351453 0.17711 0.089759 0 -0.15952 0.987182
-0.201417 6.16709 0.108006 0.177034 0.153496 -0.91522 -0.291726 0.277871
0.201417 6.16709 0.108006 0.582492 0.00811797 0.91522 -0.291726 0.277871
0.208532 5.94068 0.157464 0.601255 0.00662303 0.710196 0.662008 -0.239387
-0 5.84292 -0.014115 0.597871 0.059188 0 0.377148 -0.926145
-0 5.84292 -0.014115 0.154627 0.071668 0 0.377148 -0.926145
-0.208532 5.94068 0.157464 0.154499 0.024954 -0.710196 0.662008 -0.239387
-0.201417 6.16709 0.108006 0.173242 0.032527 -0.91522 -0.291726 0.277871
-0 6.01572 -0.089603 0.582539 0.061505 0 -0.994659 -0.103
0.201417 6.16709 0.108006 0.582492 0.00811797 0.91522 -0.291726 0.277871
-0 5.84292 -0.014115 0.597871 0.059188 0 0.377148 -0.926145
-0 5.84292 -0.014115 0.154627 0.071668 0 0.377148 -0.926145
-0.201417 6.16709 0.108006 0.173242 0.032527 -0.91522 -0.291726 0.277871
-0 6.01572 -0.089603 0.169997 0.084657 0 -0.994659 -0.103
-0 5.6341 -0.189008 0.658097 0.395256 0 0.613575 -0.789605
0.208532 5.94068 0.157464 0.584021 0.35305 0.710196 0.662008 -0.239387
0.410405 5.74556 -0.01396 0.621009 0.310166 0.352458 0.62978 -0.69216
-0.410405 5.74556 -0.01396 0.620879 0.481083 -0.352458 0.62978 -0.69216
-0.208532 5.94068 0.157464 0.583955 0.439895 -0.710196 0.662008 -0.239387
-0 5.6341 -0.189008 0.658097 0.395256 0 0.613575 -0.789605
-0 5.6341 -0.189008 0.658097 0.395256 0 0.613575 -0.789605
-0 5.84292 -0.014115 0.620329 0.396176 0 0.377148 -0.926145
0.208532 5.94068 0.157464 0.584021 0.35305 0.710196 0.662008 -0.239387
-0.208532 5.94068 0.157464 0.583955 0.439895 -0.710196 0.662008 -0.239387
-0 5.84292 -0.014115 0.620329 0.396176 0 0.377148 -0.926145
-0 5.6341 -0.189008 0.658097 0.395256 0 0.613575 -0.789605
-0 5.6341 -0.189008 0.658097 0.395256 0 0.613575 -0.789605
0.410405 5.74556 -0.01396 0.621009 0.310166 0.352458 0.62978 -0.69216
0.408959 5.26118 -0.386713 0.701765 0.308284 0.581927 0.079928 -0.80929
-0.40896 5.26118 -0.386713 0.701635 0.478598 -0.581927 0.079928 -0.80929
-0.410405 5.74556 -0.01396 0.620879 0.481083 -0.352458 0.62978 -0.69216
-0 5.6341 -0.189008 0.658097 0.395256 0 0.613575 -0.789605
-0 5.22431 -0.425977 0.710113 0.393291 0 0.075961 -0.997101
-0 5.6341 -0.189008 0.658097 0.395256 0 0.613575 -0.789605
0.408959 5.26118 -0.386713 0.701765 0.308284 0.581927 0.079928 -0.80929
-0.40896 5.26118 -0.386713 0.701635 0.478598 -0.581927 0.079928 -0.80929
-0 5.6341 -0.189008 0.658097 0.395256 0 0.613575 -0.789605
-0 5.22431 -0.425977 0.710113 0.393291 0 0.075961 -0.997101
-0 5.22431 -0.425977 0.151582 0.981962 0 0.075961 -0.997101
0.408959 5.26118 -0.386713 0.069042 0.966654 0.581927 0.079928 -0.80929
0.384406 5.15107 -0.359876 0.074284 0.958545 0.650899 -0.110599 -0.751061
-0.384406 5.15107 -0.359876 0.223981 0.989889 -0.650899 -0.110599 -0.751061
-0.40896 5.26118 -0.386713 0.2283 1 -0.581927 0.079928 -0.80929
-0 5.22431 -0.425977 0.151582 0.981962 0 0.075961 -0.997101
-0 5.16524 -0.405475 0.15148 0.976862 0 -0.102145 -0.994751
-0 5.22431 -0.425977 0.151582 0.981962 0 0.075961 -0.997101
0.384406 5.15107 -0.359876 0.074284 0.958545 0.650899 -0.110599 -0.751061
-0.384406 5.15107 -0.359876 0.223981 0.989889 -0.650899 -0.110599 -0.751061
-0 5.22431 -0.425977 0.151582 0.981962 0 0.075961 -0.997101
-0 5.16524 -0.405475 0.15148 0.976862 0 -0.102145 -0.994751
-0 5.16524 -0.405475 0.15148 0.976862 0 -0.102145 -0.994751
0.384406 5.15107 -0.359876 0.074284 0.958545 0.650899 -0.110599 -0.751061
0.352147 4.98576 -0.399826 0.08584 0.948988 0.519547 0.005646 -0.854396
-0.352147 4.98576 -0.399826 0.222974 0.977702 -0.519547 0.005646 -0.854396
-0.384406 5.15107 -0.359876 0.223981 0.989889 -0.650899 -0.110599 -0.751061
-0 5.16524 -0.405475 0.15148 0.976862 0 -0.102145 -0.994751
-0 5.01583 -0.422836 0.155177 0.96638 0 0.033357 -0.99942
-0 5.16524 -0.405475 0.15148 0.976862 0 -0.102145 -0.994751
0.352147 4.98576 -0.399826 0.08584 0.948988 0.519547 0.005646 -0.854396
-0.352147 4.98576 -0.399826 0.222974 0.977702 -0.519547 0.005646 -0.854396
-0 5.16524 -0.405475 0.15148 0.976862 0 -0.102145 -0.994751
-0 5.01583 -0.422836 0.155177 0.96638 0 0.033357 -0.99942
-0 5.01583 -0.422836 0.155177 0.96638 0 0.033357 -0.99942
0.352147 4.98576 -0.399826 0.08584 0.948988 0.519547 0.005646 -0.854396
0.280097 4.18554 -0.334421 0.110623 0.890252 0.500534 0.000183 -0.865688
-0.280098 4.18554 -0.334421 0.219699 0.913091 -0.500534 0.000183 -0.865688
-0.352147 4.98576 -0.399826 0.222974 0.977702 -0.519547 0.005646 -0.854396
-0 5.01583 -0.422836 0.155177 0.96638 0 0.033357 -0.99942
-0 4.18792 -0.458806 0.172222 0.906194 0 -0.023804 -0.999695
-0 5.01583 -0.422836 0.155177 0.96638 0 0.033357 -0.99942
0.280097 4.18554 -0.334421 0.110623 0.890252 0.500534 0.000183 -0.865688
-0.280098 4.18554 -0.334421 0.219699 0.913091 -0.500534 0.000183 -0.865688
-0 5.01583 -0.422836 0.155177 0.96638 0 0.033357 -0.99942
-0 4.18792 -0.458806 0.172222 0.906194 0 -0.023804 -0.999695
0.352147 4.98576 -0.399826 0.08584 0.948988 0.519547 0.005646 -0.854396
0.488148 4.62615 -0.076557 0.047407 0.905461 0.996277 -0.029664 0.080752
0.509158 4.18792 -0.115481 0.053474 0.873442 0.981017 0.148686 -0.124241
-0.509158 4.18792 -0.115481 0.655196 0.672101 -0.981017 0.148686 -0.124241
-0.488148 4.62615 -0.076557 0.647304 0.63862 -0.996277 -0.029664 0.080752
-0.352147 4.98576 -0.399826 0.718873 0.608209 -0.519547 0.005646 -0.854396
0.280097 4.18554 -0.334421 0.110623 0.890252 0.500534 0.000183 -0.865688
0.352147 4.98576 -0.399826 0.08584 0.948988 0.519547 0.005646 -0.854396
0.509158 4.18792 -0.115481 0.053474 0.873442 0.981017 0.148686 -0.124241
-0.509158 4.18792 -0.115481 0.655196 0.672101 -0.981017 0.148686 -0.124241
-0.352147 4.98576 -0.399826 0.718873 0.608209 -0.519547 0.005646 -0.854396
-0.280098 4.18554 -0.334421 0.712005 0.669673 -0.500534 0.000183 -0.865688
0.509158 4.18792 -0.115481 0.360915 0.323131 0.981017 0.148686 -0.124241
0.292727 4.83076 0.257804 0.31292 0.233485 0.397778 -0.335246 0.853999
0.249455 4.19733 0.219314 0.361032 0.234658 0.408124 0.214179 0.887417
-0.249455 4.19733 0.219314 0.428474 0.64168 -0.408124 0.214179 0.887417
-0.292727 4.83076 0.257804 0.447007 0.603415 -0.397778 -0.335246 0.853999
-0.509158 4.18792 -0.115481 0.509674 0.66667 -0.981017 0.148686 -0.124241
0.509158 4.18792 -0.115481 0.360915 0.323131 0.981017 0.148686 -0.124241
0.488148 4.62615 -0.076557 0.327437 0.313722 0.996277 -0.029664 0.080752
0.292727 4.83076 0.257804 0.31292 0.233485 0.397778 -0.335246 0.853999
-0.292727 4.83076 0.257804 0.447007 0.603415 -0.397778 -0.335246 0.853999
-0.488148 4.62615 -0.076557 0.513559 0.63518 -0.996277 -0.029664 0.080752
-0.509158 4.18792 -0.115481 0.509674 0.66667 -0.981017 0.148686 -0.124241
0.292727 4.83076 0.257804 0.362954 0.545123 0.397778 -0.335246 0.853999
0 4.82932 0.260325 0.404609 0.574377 0 -0.255867 0.966704
0 4.28617 0.204868 0.397006 0.610782 0 0.082888 0.996551
-0.292727 4.83076 0.257804 0.447007 0.603415 -0.397778 -0.335246 0.853999
0 4.28617 0.204868 0.397006 0.610782 0 0.082888 0.996551
0 4.82932 0.260325 0.404609 0.574377 0 -0.255867 0.966704
0.292727 4.83076 0.257804 0.362954 0.545123 0.397778 -0.335246 0.853999
0 4.28617 0.204868 0.397006 0.610782 0 0.082888 0.996551
0.249455 4.19733 0.219314 0.356846 0.592005 0.408124 0.214179 0.887417
-0.249455 4.19733 0.219314 0.428474 0.64168 -0.408124 0.214179 0.887417
0 4.28617 0.204868 0.397006 0.610782 0 0.082888 0.996551
-0.292727 4.83076 0.257804 0.447007 0.603415 -0.397778 -0.335246 0.853999
0.232429 6.42037 -0.245609 0.918134 0.994575 0.898373 0.045778 -0.436781
0.188675 6.47134 -0.330744 0.903028 0.994581 0.618397 -0.139988 -0.773278
0.196683 6.67624 -0.241806 0.904902 0.979019 0.712699 0.414808 -0.56563
-0.196683 6.67624 -0.241806 0.819366 0.051735 -0.712699 0.414808 -0.56563
-0.188675 6.47134 -0.330744 0.837026 0.035194 -0.618397 -0.139988 -0.773278
-0.232429 6.42037 -0.245609 0.838881 0.055081 -0.898373 0.045778 -0.436781
0.232429 6.42037 -0.245609 0.859351 0.107377 0.898373 0.045778 -0.436781
-0 6.42007 -0.384626 0.859471 0.050827 0 -0.014191 -0.999878
0.188675 6.47134 -0.330744 0.869925 0.090451 0.618397 -0.139988 -0.773278
-0.188675 6.47134 -0.330744 0.869925 0.124302 -0.618397 -0.139988 -0.773278
-0 6.42007 -0.384626 0.859471 0.163926 0 -0.014191 -0.999878
-0.232429 6.42037 -0.245609 0.859351 0.107377 -0.898373 0.045778 -0.436781
-0 6.47678 -0.398993 0.315069 0.367285 0 0.046083 -0.998932
0.188675 6.47134 -0.330744 0.31577 0.325422 0.618397 -0.139988 -0.773278
-0 6.42007 -0.384626 0.319696 0.366383 0 -0.014191 -0.999878
-0 6.42007 -0.384626 0.319696 0.366383 0 -0.014191 -0.999878
-0.188675 6.47134 -0.330744 0.318009 0.400456 -0.618397 -0.139988 -0.773278
-0 6.47678 -0.398993 0.315069 0.367285 0 0.046083 -0.998932
-0 6.47678 -0.398993 0.979821 0.58639 0 0.046083 -0.998932
0.196683 6.67624 -0.241806 0.979766 0.533851 0.712699 0.414808 -0.56563
0.188675 6.47134 -0.330744 0.994509 0.547173 0.618397 -0.139988 -0.773278
-0.188675 6.47134 -0.330744 0.399197 0.191794 -0.618397 -0.139988 -0.773278
-0.196683 6.67624 -0.241806 0.401226 0.171852 -0.712699 0.414808 -0.56563
-0 6.47678 -0.398993 0.433943 0.214755 0 0.046083 -0.998932
0.224034 6.33827 -0.289169 0.942391 0.853916 0.795495 -0.008667 -0.605853
0.232429 6.42037 -0.245609 0.936391 0.847833 0.898373 0.045778 -0.436781
0.292781 6.41793 0.055375 0.938665 0.806239 0.990661 -0.108188 0.082919
-0.292781 6.41793 0.055375 0.832145 0.11865 -0.990661 -0.108188 0.082919
-0.232429 6.42037 -0.245609 0.838881 0.055081 -0.898373 0.045778 -0.436781
-0.224035 6.33827 -0.289169 0.84615 0.046579 -0.795495 -0.008667 -0.605853
0 6.48003 0.427203 0.944102 0.038878 0 -0.139531 0.990204
0 6.27779 0.351453 0.955018 0.055131 0 -0.15952 0.987182
0.201417 6.16709 0.108006 0.944265 0.120763 0.91522 -0.291726 0.277871
-0.201417 6.16709 0.108006 0.994089 0.377093 -0.91522 -0.291726 0.277871
0 6.27779 0.351453 0.994106 0.443121 0 -0.15952 0.987182
0 6.48003 0.427203 0.983952 0.455415 0 -0.139531 0.990204
0.326618 5.79969 0.493383 0.76529 0.578639 0.242042 0.61095 0.753746
0 6.00732 0.401235 0.804203 0.633469 0 0.555895 0.831233
0 5.52099 0.566106 0.755794 0.637433 0 -0.0524 0.998596
0 5.52099 0.566106 0.755794 0.637433 0 -0.0524 0.998596
0 6.00732 0.401235 0.804203 0.633469 0 0.555895 0.831233
-0.326617 5.79969 0.493384 0.797197 0.688219 -0.242042 0.61095 0.753746
0.164021 6.8269 0.142782 0.492924 0.110669 0.563158 0.79809 0.214179
0 6.85179 0.241736 0.464588 0.082478 0 0.870968 0.491287
0 6.67302 0.408932 0.473676 0.050114 0 0.362285 0.932035
0 6.67302 0.408932 0.473676 0.050114 0 0.362285 0.932035
0 6.85179 0.241736 0.464588 0.082478 0 0.870968 0.491287
-0.164021 6.8269 0.142783 0.426525 0.094631 -0.563158 0.79809 0.214179
0.285688 6.62615 0.076018 0.922761 0.801887 0.973907 0.217689 0.064089
0.292781 6.41793 0.055375 0.938665 0.806239 0.990661 -0.108188 0.082919
0.232429 6.42037 -0.245609 0.936391 0.847833 0.898373 0.045778 -0.436781
-0.232429 6.42037 -0.245609 0.838881 0.055081 -0.898373 0.045778 -0.436781
-0.292781 6.41793 0.055375 0.832145 0.11865 -0.990661 -0.108188 0.082919
-0.285688 6.62615 0.076018 0.815806 0.120666 -0.973907 0.217689 0.064089
0.232429 6.42037 -0.245609 0.936391 0.847833 0.898373 0.045778 -0.436781
0.196683 6.67624 -0.241806 0.916558 0.842533 0.712699 0.414808 -0.56563
0.285688 6.62615 0.076018 0.922761 0.801887 0.973907 0.217689 0.064089
-0.285688 6.62615 0.076018 0.815806 0.120666 -0.973907 0.217689 0.064089
-0.196683 6.67624 -0.241806 0.819366 0.051735 -0.712699 0.414808 -0.56563
-0.232429 6.42037 -0.245609 0.838881 0.055081 -0.898373 0.045778 -0.436781
0.207928 6.77329 -0.101421 0.489779 0.162535 0.700308 0.660207 -0.27134
0.196683 6.67624 -0.241806 0.480847 0.191084 0.712699 0.414808 -0.56563
-0 6.72238 -0.329367 0.436464 0.198787 0 0.590014 -0.807367
-0 6.72238 -0.329367 0.436464 0.198787 0 0.590014 -0.807367
-0.196683 6.67624 -0.241806 0.401226 0.171852 -0.712699 0.414808 -0.56563
-0.207928 6.77329 -0.101421 0.405606 0.142205 -0.700308 0.660207 -0.27134
-0 3.74822 -0.417982 0.177852 0.872135 0 -0.215705 -0.97644
-0 4.18792 -0.458806 0.172222 0.906194 0 -0.023804 -0.999695
0.280097 4.18554 -0.334421 0.110623 0.890252 0.500534 0.000183 -0.865688
-0.280098 4.18554 -0.334421 0.219699 0.913091 -0.500534 0.000183 -0.865688
-0 4.18792 -0.458806 0.172222 0.906194 0 -0.023804 -0.999695
-0 3.74822 -0.417982 0.177852 0.872135 0 -0.215705 -0.97644
0.280097 4.18554 -0.334421 0.110623 0.890252 0.500534 0.000183 -0.865688
0.190553 3.57157 -0.350647 0.140102 0.848904 -0.185125 -0.278756 -0.94232
-0 3.74822 -0.417982 0.177852 0.872135 0 -0.215705 -0.97644
-0 3.74822 -0.417982 0.177852 0.872135 0 -0.215705 -0.97644
-0.190553 3.57157 -0.350647 0.214308 0.864442 0.185125 -0.278756 -0.94232
-0.280098 4.18554 -0.334421 0.219699 0.913091 -0.500534 0.000183 -0.865688
0.285658 6.48052 -0.021621 0.351688 0.042331 0.074313 0.713797 -0.696371
0.220615 6.39011 0.037514 0.334232 0.042347 -0.985076 0.09949 0.140324
0.342415 6.49902 0.130168 0.339254 0.010833 0.441298 0.631825 0.637196
-0.342415 6.49902 0.130168 0.363172 0.008551 -0.441298 0.631825 0.637196
-0.220615 6.39011 0.037514 0.380418 0.036317 0.985076 0.09949 0.140324
-0.285658 6.48052 -0.021621 0.363088 0.042347 -0.074313 0.713797 -0.696371
0.263908 6.27513 -0.025764 0.343252 0.22331 -0.092044 -0.702872 -0.705313
0.220615 6.39011 0.037514 0.329019 0.233485 -0.985076 0.09949 0.140324
0.285658 6.48052 -0.021621 0.328988 0.216408 0.074313 0.713797 -0.696371
-0.285658 6.48052 -0.021621 0.932326 0.995006 -0.074313 0.713797 -0.696371
-0.220615 6.39011 0.037514 0.918134 0.983316 0.985076 0.09949 0.140324
-0.263908 6.27513 -0.025763 0.932341 0.979019 0.092044 -0.702872 -0.705313
0.297176 6.25387 0.071955 0.348044 0.233485 0.252724 -0.869808 0.423688
0.220615 6.39011 0.037514 0.344964 0.216265 -0.985076 0.09949 0.140324
0.263908 6.27513 -0.025764 0.361032 0.216302 -0.092044 -0.702872 -0.705313
-0.263908 6.27513 -0.025763 0.328988 0.233448 0.092044 -0.702872 -0.705313
-0.220615 6.39011 0.037514 0.31292 0.233485 0.985076 0.09949 0.140324
-0.297176 6.25387 0.071955 0.316 0.216265 -0.252724 -0.869808 0.423688
0.342415 6.49902 0.130168 0.87195 0.018005 0.441298 0.631825 0.637196
0.220615 6.39011 0.037514 0.871953 0.050827 -0.985076 0.09949 0.140324
0.297176 6.25387 0.071955 0.859351 0.036136 0.252724 -0.869808 0.423688
-0.297176 6.25387 0.071955 0.958062 0.026648 -0.252724 -0.869808 0.423688
-0.220615 6.39011 0.037514 0.944119 0.038878 0.985076 0.09949 0.140324
-0.342415 6.49902 0.130168 0.944102 0.00675303 -0.441298 0.631825 0.637196
0.201417 6.16709 0.108006 0.174831 0.232471 0.91522 -0.291726 0.277871
0.216548 6.42337 0.266068 0.154499 0.206079 0.737571 -0.250008 0.627247
0 6.48003 0.427203 0.174842 0.153496 0 -0.139531 0.990204
0 6.48003 0.427203 0.983952 0.455415 0 -0.139531 0.990204
-0.216548 6.42337 0.266068 0.970535 0.400654 -0.737571 -0.250008 0.627247
-0.201417 6.16709 0.108006 0.994089 0.377093 -0.91522 -0.291726 0.277871
0.201417 6.16709 0.108006 0.957646 0.785865 0.91522 -0.291726 0.277871
0.292781 6.41793 0.055375 0.938665 0.806239 0.990661 -0.108188 0.082919
0.216548 6.42337 0.266068 0.938974 0.761822 0.737571 -0.250008 0.627247
-0.216548 6.42337 0.266068 0.827231 0.156459 -0.737571 -0.250008 0.627247
-0.292781 6.41793 0.055375 0.832145 0.11865 -0.990661 -0.108188 0.082919
-0.201417 6.16709 0.108006 0.850383 0.126122 -0.91522 -0.291726 0.277871
0.164021 6.8269 0.142782 0.492924 0.110669 0.563158 0.79809 0.214179
0.213001 6.64959 0.313724 0.512108 0.079931 0.700003 0.248939 0.669301
0.285688 6.62615 0.076018 0.514995 0.131658 0.973907 0.217689 0.064089
-0.285688 6.62615 0.076018 0.399343 0.103724 -0.973907 0.217689 0.064089
-0.213001 6.64959 0.313724 0.425881 0.059105 -0.700003 0.248939 0.669301
-0.164021 6.8269 0.142783 0.426525 0.094631 -0.563158 0.79809 0.214179
0.164021 6.8269 0.142782 0.492924 0.110669 0.563158 0.79809 0.214179
0 6.67302 0.408932 0.473676 0.050114 0 0.362285 0.932035
0.213001 6.64959 0.313724 0.512108 0.079931 0.700003 0.248939 0.669301
-0.213001 6.64959 0.313724 0.425881 0.059105 -0.700003 0.248939 0.669301
0 6.67302 0.408932 0.473676 0.050114 0 0.362285 0.932035
-0.164021 6.8269 0.142783 0.426525 0.094631 -0.563158 0.79809 0.214179
0.291574 3.29063 0.3402 0.485047 0.279527 -0.014008 -0.324076 0.945921
0.560458 2.37781 0.307467 0.463814 0.358834 0.236122 0.009522 0.971648
0.54347 3.43431 0.193833 0.427753 0.283621 0.753533 0.060732 0.654561
-0.54347 3.43431 0.193833 0.453088 0.722331 -0.753533 0.060732 0.654561
-0.560458 2.37781 0.307467 0.411514 0.795828 -0.236122 0.009522 0.971648
-0.291574 3.29063 0.3402 0.393665 0.707602 0.014008 -0.324076 0.945921
0.560458 2.37781 0.307467 0.873108 0.371281 0.236122 0.009522 0.971648
0.291574 3.29063 0.3402 0.874722 0.302553 -0.014008 -0.324076 0.945921
0.410586 2.1167 0.206528 0.91494 0.364564 -0.938017 -0.153203 0.310831
-0.410586 2.1167 0.206528 0.861013 0.660948 0.938017 -0.153203 0.310831
-0.291574 3.29063 0.3402 0.915271 0.590594 0.014008 -0.324076 0.945921
-0.560458 2.37781 0.307467 0.902281 0.663602 -0.236122 0.009522 0.971648
1.37329 3.51201 -0.04441 0.979766 0.690442 -0.75573 -0.503616 0.418561
1.2866 3.43608 -0.129451 0.994086 0.669476 -0.263283 -0.866054 -0.42494
1.46545 3.52375 -0.097847 0.994146 0.707407 0.56267 -0.089785 -0.821772
-1.46545 3.52375 -0.097846 0.994146 0.625591 -0.56267 -0.089785 -0.821772
-1.2866 3.43608 -0.12945 0.994086 0.663522 0.263283 -0.866054 -0.42494
-1.37329 3.51201 -0.04441 0.979766 0.642557 0.75573 -0.503616 0.418592
1.34373 3.15758 -0.049658 0.977457 0.038878 -0.344523 -0.872799 -0.345653
1.37329 3.51201 -0.04441 0.964296 0.01494 -0.75573 -0.503616 0.418561
1.46545 3.52375 -0.097847 0.977492 0.00598598 0.56267 -0.089785 -0.821772
-1.46545 3.52375 -0.097846 0.994402 0.625591 -0.56267 -0.089785 -0.821772
-1.37329 3.51201 -0.04441 0.979766 0.609469 0.75573 -0.503616 0.418592
-1.34373 3.15758 -0.049657 0.994428 0.58639 0.344523 -0.872799 -0.345653
1.4838 3.51966 0.243677 0.03295 0.287694 -0.184637 -0.107791 0.976867
1.47682 3.24362 0.221109 0.043504 0.306086 0.104587 -0.784722 0.61092
1.56775 3.549 0.185414 0.015538 0.298507 0.956053 0.001343 0.293069
-1.56775 3.549 0.185415 0.746598 1 -0.956053 0.001343 0.293069
-1.47682 3.24363 0.221109 0.718905 0.992634 -0.104587 -0.784722 0.61092
-1.4838 3.51966 0.243677 0.734488 0.982312 0.184637 -0.107791 0.976867
1.23337 3.48541 -0.118827 0.428229 0.050114 -0.910672 -0.297189 -0.286874
1.29478 3.77089 -0.000951 0.428255 0.021372 -0.93347 0.130406 -0.334025
1.41757 3.87328 -0.007776 0.451513 0.012228 0.360881 0.349681 -0.864559
-1.41757 3.87328 -0.007776 0.996367 0.066216 -0.360881 0.349681 -0.864559
-1.29478 3.77089 -0.000951 0.981697 0.044547 0.93347 0.130406 -0.334025
-1.23337 3.48541 -0.118827 0.996332 0.018345 0.910672 -0.297189 -0.286843
1.31228 3.86419 0.032666 0.428167 0.01313 -0.833918 0.036073 -0.550645
1.41757 3.87328 -0.007776 0.451513 0.012228 0.360881 0.349681 -0.864559
1.29478 3.77089 -0.000951 0.428255 0.021372 -0.93347 0.130406 -0.334025
-1.29478 3.77089 -0.000951 0.981697 0.044547 0.93347 0.130406 -0.334025
-1.41757 3.87328 -0.007776 0.996367 0.066216 -0.360881 0.349681 -0.864559
-1.31228 3.86419 0.032666 0.977492 0.052116 0.833918 0.036073 -0.550645
1.34162 3.89456 0.236713 0.028536 0.253615 -0.310129 -0.207221 0.927824
1.35812 3.77482 0.268833 0.036784 0.259219 -0.402387 -0.068636 0.91287
1.49563 3.92134 0.14591 0 0.273562 0.933164 0.318674 0.166082
-1.49563 3.92134 0.145911 0.771003 0.977965 -0.933164 0.318674 0.166082
-1.35812 3.77482 0.268834 0.741986 0.950262 0.402387 -0.068636 0.91287
-1.34162 3.89456 0.236713 0.752206 0.945844 0.310129 -0.207221 0.927824
1.4838 3.51966 0.243677 0.03295 0.287694 -0.184637 -0.107791 0.976867
1.56775 3.549 0.185414 0.015538 0.298507 0.956053 0.001343 0.293069
1.49563 3.92134 0.14591 0 0.273562 0.933164 0.318674 0.166082
-1.49563 3.92134 0.145911 0.771003 0.977965 -0.933164 0.318674 0.166082
-1.56775 3.549 0.185415 0.746598 1 -0.956053 0.001343 0.293069
-1.4838 3.51966 0.243677 0.734488 0.982312 0.184637 -0.107791 0.976867
1.35812 3.77482 0.268833 0.036784 0.259219 -0.402387 -0.068636 0.91287
1.4838 3.51966 0.243677 0.03295 0.287694 -0.184637 -0.107791 0.976867
1.49563 3.92134 0.14591 0 0.273562 0.933164 0.318674 0.166082
-1.49563 3.92134 0.145911 0.771003 0.977965 -0.933164 0.318674 0.166082
-1.4838 3.51966 0.243677 0.734488 0.982312 0.184637 -0.107791 0.976867
-1.35812 3.77482 0.268834 0.741986 0.950262 0.402387 -0.068636 0.91287
1.23337 3.48541 -0.118827 0.962342 0.707407 -0.910672 -0.297189 -0.286874
1.37329 3.51201 -0.04441 0.985349 0.7312 -0.75573 -0.503616 0.418561
1.29478 3.77089 -0.000951 0.966909 0.734944 -0.93347 0.130406 -0.334025
-1.29478 3.77089 -0.000951 0.314875 0.012079 0.93347 0.130406 -0.334025
-1.37329 3.51201 -0.04441 0.334232 0.012033 0.75573 -0.503616 0.418592
-1.23337 3.48541 -0.118827 0.332153 0.042347 0.910672 -0.297189 -0.286843
1.23337 3.48541 -0.118827 0.962342 0.707407 -0.910672 -0.297189 -0.286874
1.2866 3.43608 -0.129451 0.973609 0.708688 -0.263283 -0.866054 -0.42494
1.37329 3.51201 -0.04441 0.985349 0.7312 -0.75573 -0.503616 0.418561
-1.37329 3.51201 -0.04441 0.710166 0.448487 0.75573 -0.503616 0.418592
-1.2866 3.43608 -0.12945 0.717336 0.472843 0.263283 -0.866054 -0.42494
-1.23337 3.48541 -0.118827 0.710113 0.481584 0.910672 -0.297189 -0.286843
1.37329 3.51201 -0.04441 0.972737 0.291272 -0.75573 -0.503616 0.418561
1.34373 3.15758 -0.049658 1 0.291245 -0.344523 -0.872799 -0.345653
1.47682 3.24362 0.221109 0.991726 0.346045 0.104587 -0.784722 0.61092
-1.47682 3.24363 0.221109 0.993764 0.175381 -0.104587 -0.784722 0.61092
-1.34373 3.15758 -0.049657 0.999651 0.237016 0.344523 -0.872799 -0.345653
-1.37329 3.51201 -0.04441 0.972301 0.232255 0.75573 -0.503616 0.418592
1.4838 3.51966 0.243677 0.972737 0.287595 -0.184637 -0.107791 0.976867
1.37329 3.51201 -0.04441 0.983834 0.237016 -0.75573 -0.503616 0.418561
1.47682 3.24362 0.221109 0.994376 0.287602 0.104587 -0.784722 0.61092
-1.47682 3.24363 0.221109 0.993764 0.175381 -0.104587 -0.784722 0.61092
-1.37329 3.51201 -0.04441 0.972301 0.232255 0.75573 -0.503616 0.418592
-1.4838 3.51966 0.243677 0.972668 0.170711 0.184637 -0.107791 0.976867
1.23337 3.48541 -0.118827 0.992092 0.169082 -0.910672 -0.297189 -0.286874
1.41757 3.87328 -0.007776 0.972301 0.120763 0.360881 0.349681 -0.864559
1.46545 3.52375 -0.097847 0.997122 0.121698 0.56267 -0.089785 -0.821772
-1.46545 3.52375 -0.097846 0.428167 0.04487 -0.56267 -0.089785 -0.821772
-1.41757 3.87328 -0.007776 0.399197 0.050114 -0.360881 0.349681 -0.864559
-1.23337 3.48541 -0.118827 0.399225 0.010654 0.910672 -0.297189 -0.286843
1.2866 3.43608 -0.129451 0.99711 0.15996 -0.263283 -0.866054 -0.42494
1.23337 3.48541 -0.118827 0.992092 0.169082 -0.910672 -0.297189 -0.286874
1.46545 3.52375 -0.097847 0.997122 0.121698 0.56267 -0.089785 -0.821772
-1.46545 3.52375 -0.097846 0.428167 0.04487 -0.56267 -0.089785 -0.821772
-1.23337 3.48541 -0.118827 0.399225 0.010654 0.910672 -0.297189 -0.286843
-1.2866 3.43608 -0.12945 0.409605 0.016507 0.263283 -0.866054 -0.42494
1.47682 3.24362 0.221109 0.967711 0.858361 0.104587 -0.784722 0.61092
1.46545 3.52375 -0.097847 0.989399 0.795539 0.56267 -0.089785 -0.821772
1.56775 3.549 0.185414 0.988037 0.858422 0.956053 0.001343 0.293069
-1.56775 3.549 0.185415 0.124517 0.018876 -0.956053 0.001343 0.293069
-1.46545 3.52375 -0.097846 0.12919 0.081436 -0.56267 -0.089785 -0.821772
-1.47682 3.24363 0.221109 0.101286 0.019204 -0.104587 -0.784722 0.61092
1.47682 3.24362 0.221109 0.967711 0.858361 0.104587 -0.784722 0.61092
1.34373 3.15758 -0.049658 0.96215 0.795562 -0.344523 -0.872799 -0.345653
1.46545 3.52375 -0.097847 0.989399 0.795539 0.56267 -0.089785 -0.821772
-1.46545 3.52375 -0.097846 0.12919 0.081436 -0.56267 -0.089785 -0.821772
-1.34373 3.15758 -0.049657 0.101339 0.081453 0.344523 -0.872799 -0.345653
-1.47682 3.24363 0.221109 0.101286 0.019204 -0.104587 -0.784722 0.61092
0.482558 2.12919 -0.098214 0.094944 0.721135 -0.575396 -0.334513 -0.7463
0.419911 3.54339 -0.361462 0.096571 0.837839 0.377789 -0.02707 -0.925474
0.634371 2.12919 -0.098215 0.065384 0.714945 0.537217 -0.197546 -0.819941
-0.634371 2.12919 -0.098214 0.312423 0.766672 -0.537217 -0.197546 -0.819941
-0.419911 3.54339 -0.361462 0.260094 0.872079 -0.377789 -0.02707 -0.925474
-0.482558 2.12919 -0.098214 0.282863 0.760482 0.575396 -0.334513 -0.7463
0.482558 2.12919 -0.098214 0.094944 0.721135 -0.575396 -0.334513 -0.7463
0.190553 3.57157 -0.350647 0.140102 0.848904 -0.185125 -0.278756 -0.94232
0.419911 3.54339 -0.361462 0.096571 0.837839 0.377789 -0.02707 -0.925474
-0.419911 3.54339 -0.361462 0.260094 0.872079 -0.377789 -0.02707 -0.925474
-0.190553 3.57157 -0.350647 0.214308 0.864442 0.185125 -0.278756 -0.94232
-0.482558 2.12919 -0.098214 0.282863 0.760482 0.575396 -0.334513 -0.7463
0.190553 3.57157 -0.350647 0.843092 0.533665 -0.185125 -0.278756 -0.94232
0.410586 2.1167 0.206528 0.718873 0.533851 -0.938017 -0.153203 0.310831
-0 3.31486 -0.040882 0.797777 0.472905 0 -0.883663 -0.468093
-0 3.31486 -0.040882 0.797777 0.472905 0 -0.883663 -0.468093
-0.410586 2.1167 0.206528 0.782051 0.374453 0.938017 -0.153203 0.310831
-0.190553 3.57157 -0.350647 0.872413 0.459688 0.185125 -0.278756 -0.94232
0.190553 3.57157 -0.350647 0.590077 0.061505 -0.185125 -0.278756 -0.94232
0.482558 2.12919 -0.098214 0.637868 0.166019 -0.575396 -0.334513 -0.7463
0.410586 2.1167 0.206528 0.589943 0.210427 -0.938017 -0.153203 0.310831
-0.410586 2.1167 0.206528 0.782051 0.374453 0.938017 -0.153203 0.310831
-0.482558 2.12919 -0.098214 0.846733 0.383924 0.575396 -0.334513 -0.7463
-0.190553 3.57157 -0.350647 0.872413 0.459688 0.185125 -0.278756 -0.94232
-0 3.31486 -0.040882 0.945275 0.237016 0 -0.883663 -0.468093
0.410586 2.1167 0.206528 0.91494 0.364564 -0.938017 -0.153203 0.310831
0.291574 3.29063 0.3402 0.874722 0.302553 -0.014008 -0.324076 0.945921
-0.291574 3.29063 0.3402 0.915271 0.590594 0.014008 -0.324076 0.945921
-0.410586 2.1167 0.206528 0.861013 0.660948 0.938017 -0.153203 0.310831
-0 3.31486 -0.040882 0.832687 0.533851 0 -0.883663 -0.468093
0.216548 6.42337 0.266068 0.938974 0.761822 0.737571 -0.250008 0.627247
0.213001 6.64959 0.313724 0.921865 0.753491 0.700003 0.248939 0.669301
0 6.67302 0.408932 0.919288 0.71036 0 0.362285 0.932035
0 6.67302 0.408932 0.09797 0.026171 0 0.362285 0.932035
-0.213001 6.64959 0.313724 0.096514 0.074172 -0.700003 0.248939 0.669301
-0.216548 6.42337 0.266068 0.082926 0.081453 -0.737571 -0.250008 0.627247
0 6.48003 0.427203 0.934201 0.707407 0 -0.139531 0.990204
0.216548 6.42337 0.266068 0.938974 0.761822 0.737571 -0.250008 0.627247
0 6.67302 0.408932 0.919288 0.71036 0 0.362285 0.932035
0 6.67302 0.408932 0.09797 0.026171 0 0.362285 0.932035
-0.216548 6.42337 0.266068 0.082926 0.081453 -0.737571 -0.250008 0.627247
0 6.48003 0.427203 0.08281 0.024989 0 -0.139531 0.990204
0.285688 6.62615 0.076018 0.922761 0.801887 0.973907 0.217689 0.064089
0.216548 6.42337 0.266068 0.938974 0.761822 0.737571 -0.250008 0.627247
0.292781 6.41793 0.055375 0.938665 0.806239 0.990661 -0.108188 0.082919
-0.292781 6.41793 0.055375 0.832145 0.11865 -0.990661 -0.108188 0.082919
-0.216548 6.42337 0.266068 0.827231 0.156459 -0.737571 -0.250008 0.627247
-0.285688 6.62615 0.076018 0.815806 0.120666 -0.973907 0.217689 0.064089
0.285688 6.62615 0.076018 0.922761 0.801887 0.973907 0.217689 0.064089
0.213001 6.64959 0.313724 0.921865 0.753491 0.700003 0.248939 0.669301
0.216548 6.42337 0.266068 0.938974 0.761822 0.737571 -0.250008 0.627247
-0.216548 6.42337 0.266068 0.827231 0.156459 -0.737571 -0.250008 0.627247
-0.213001 6.64959 0.313724 0.808903 0.163926 -0.700003 0.248939 0.669301
-0.285688 6.62615 0.076018 0.815806 0.120666 -0.973907 0.217689 0.064089
0.342415 6.49902 0.130168 0.903028 0.979019 0.441298 0.631825 0.637196
0.297176 6.25387 0.071955 0.895792 0.999688 0.252724 -0.869808 0.423688
0.285658 6.48052 -0.021621 0.882528 0.983598 0.074313 0.713797 -0.696371
-0.285658 6.48052 -0.021621 0.381898 0.008641 -0.074313 0.713797 -0.696371
-0.297176 6.25387 0.071955 0.399197 0.028162 -0.252724 -0.869808 0.423688
-0.342415 6.49902 0.130168 0.380418 0.042347 -0.441298 0.631825 0.637196
0.297176 6.25387 0.071955 0.895792 0.999688 0.252724 -0.869808 0.423688
0.263908 6.27513 -0.025764 0.882507 1 -0.092044 -0.702872 -0.705313
0.285658 6.48052 -0.021621 0.882528 0.983598 0.074313 0.713797 -0.696371
-0.285658 6.48052 -0.021621 0.381898 0.008641 -0.074313 0.713797 -0.696371
-0.263908 6.27513 -0.025763 0.397612 0.00663799 0.092044 -0.702872 -0.705313
-0.297176 6.25387 0.071955 0.399197 0.028162 -0.252724 -0.869808 0.423688
1.34162 3.89456 0.236713 0.990355 0.867145 -0.310129 -0.207221 0.927824
1.31228 3.86419 0.032666 0.988362 0.906585 -0.833918 0.036073 -0.550645
1.29478 3.77089 -0.000951 0.981205 0.912479 -0.93347 0.130406 -0.334025
-1.29478 3.77089 -0.000951 0.989582 0.972081 0.93347 0.130406 -0.334025
-1.31228 3.86419 0.032666 0.982506 0.964283 0.833918 0.036073 -0.550645
-1.34162 3.89456 0.236713 0.981155 0.927006 0.310129 -0.207221 0.927824
1.29478 3.77089 -0.000951 0.981205 0.912479 -0.93347 0.130406 -0.334025
1.35812 3.77482 0.268833 0.981155 0.861747 -0.402387 -0.068636 0.91287
1.34162 3.89456 0.236713 0.990355 0.867145 -0.310129 -0.207221 0.927824
-1.34162 3.89456 0.236713 0.981155 0.927006 0.310129 -0.207221 0.927824
-1.35812 3.77482 0.268834 0.990423 0.919633 0.402387 -0.068636 0.91287
-1.29478 3.77089 -0.000951 0.989582 0.972081 0.93347 0.130406 -0.334025
1.29478 3.77089 -0.000951 0.966909 0.734944 -0.93347 0.130406 -0.334025
1.37329 3.51201 -0.04441 0.985349 0.7312 -0.75573 -0.503616 0.418561
1.4838 3.51966 0.243677 0.988786 0.795539 -0.184637 -0.107791 0.976867
-1.4838 3.51966 0.243677 0.031967 0.00119603 0.184637 -0.107791 0.976867
-1.37329 3.51201 -0.04441 0.031889 0.065626 0.75573 -0.503616 0.418592
-1.29478 3.77089 -0.000951 0.013279 0.062849 0.93347 0.130406 -0.334025
1.4838 3.51966 0.243677 0.988786 0.795539 -0.184637 -0.107791 0.976867
1.35812 3.77482 0.268833 0.96215 0.792611 -0.402387 -0.068636 0.91287
1.29478 3.77089 -0.000951 0.966909 0.734944 -0.93347 0.130406 -0.334025
-1.29478 3.77089 -0.000951 0.013279 0.062849 0.93347 0.130406 -0.334025
-1.35812 3.77482 0.268834 0.00552 0.00550801 0.402387 -0.068636 0.91287
-1.4838 3.51966 0.243677 0.031967 0.00119603 0.184637 -0.107791 0.976867
1.46545 3.52375 -0.097847 0.399197 0.042347 0.56267 -0.089785 -0.821772
1.41757 3.87328 -0.007776 0.381889 0.05919 0.360881 0.349681 -0.864559
1.49563 3.92134 0.14591 0.346524 0.051849 0.933164 0.318674 0.166082
-1.49563 3.92134 0.145911 0.154388 0.027796 -0.933164 0.318674 0.166082
-1.41757 3.87328 -0.007776 0.154499 0.063262 -0.360881 0.349681 -0.864559
-1.46545 3.52375 -0.097846 0.12919 0.081436 -0.56267 -0.089785 -0.821772
1.49563 3.92134 0.14591 0.483457 0.050114 0.933164 0.318674 0.166082
1.56775 3.549 0.185414 0.483485 0.016761 0.956053 0.001343 0.293069
1.46545 3.52375 -0.097847 0.514995 0.038944 0.56267 -0.089785 -0.821772
-1.46545 3.52375 -0.097846 0.12919 0.081436 -0.56267 -0.089785 -0.821772
-1.56775 3.549 0.185415 0.124517 0.018876 -0.956053 0.001343 0.293069
-1.49563 3.92134 0.145911 0.154388 0.027796 -0.933164 0.318674 0.166082
0.634371 2.12919 -0.098215 0.065384 0.714945 0.537217 -0.197546 -0.819941
0.694238 3.25118 0.010581 0.027198 0.791972 0.99707 0.075411 0.011811
0.742596 2.11957 0.136644 0.031072 0.701614 0.99588 0.087313 0.023164
0.54347 3.43431 0.193833 0.427753 0.283621 0.753533 0.060732 0.654561
0.694238 3.25118 0.010581 0.383205 0.309468 0.99707 0.075411 0.011811
0.64927 3.64931 -0.115481 0.361032 0.282595 0.963164 0.122929 -0.239051
-0.634371 2.12919 -0.098214 0.650555 0.830836 -0.537217 -0.197546 -0.819941
-0.742596 2.11957 0.136644 0.597322 0.833669 -0.99588 0.087313 0.023164
-0.694238 3.25118 0.010582 0.622169 0.745759 -0.99707 0.075411 0.011811
-0.54347 3.43431 0.193833 0.453088 0.722331 -0.753533 0.060732 0.654561
-0.64927 3.64931 -0.115481 0.514995 0.716968 -0.963164 0.122929 -0.239051
-0.694238 3.25118 0.010582 0.493882 0.748878 -0.99707 0.075411 0.011811
-0.694238 3.25118 0.010582 0.493882 0.748878 -0.99707 0.075411 0.011811
-0.742596 2.11957 0.136644 0.453108 0.830623 -0.99588 0.087313 0.023164
-0.560458 2.37781 0.307467 0.411514 0.795828 -0.236122 0.009522 0.971648
-0.560458 2.37781 0.307467 0.411514 0.795828 -0.236122 0.009522 0.971648
-0.54347 3.43431 0.193833 0.453088 0.722331 -0.753533 0.060732 0.654561
-0.694238 3.25118 0.010582 0.493882 0.748878 -0.99707 0.075411 0.011811
-0.694238 3.25118 0.010582 0.622169 0.745759 -0.99707 0.075411 0.011811
-0.64927 3.64931 -0.115481 0.648899 0.714152 -0.963164 0.122929 -0.239051
-0.419911 3.54339 -0.361462 0.711455 0.719491 -0.377789 -0.02707 -0.925474
-0.419911 3.54339 -0.361462 0.711455 0.719491 -0.377789 -0.02707 -0.925474
-0.634371 2.12919 -0.098214 0.650555 0.830836 -0.537217 -0.197546 -0.819941
-0.694238 3.25118 0.010582 0.622169 0.745759 -0.99707 0.075411 0.011811
0.694238 3.25118 0.010581 0.027198 0.791972 0.99707 0.075411 0.011811
0.634371 2.12919 -0.098215 0.065384 0.714945 0.537217 -0.197546 -0.819941
0.419911 3.54339 -0.361462 0.096571 0.837839 0.377789 -0.02707 -0.925474
0.419911 3.54339 -0.361462 0.096571 0.837839 0.377789 -0.02707 -0.925474
0.64927 3.64931 -0.115481 0.035945 0.827757 0.963164 0.122929 -0.239051
0.694238 3.25118 0.010581 0.027198 0.791972 0.99707 0.075411 0.011811
0.694238 3.25118 0.010581 0.383205 0.309468 0.99707 0.075411 0.011811
0.54347 3.43431 0.193833 0.427753 0.283621 0.753533 0.060732 0.654561
0.560458 2.37781 0.307467 0.463814 0.358834 0.236122 0.009522 0.971648
0.560458 2.37781 0.307467 0.463814 0.358834 0.236122 0.009522 0.971648
0.742596 2.11957 0.136644 0.418802 0.391025 0.99588 0.087313 0.023164
0.694238 3.25118 0.010581 0.383205 0.309468 0.99707 0.075411 0.011811
-0 6.01572 -0.089603 0.762487 0.104571 0 -0.994659 -0.103
-0.201871 6.09658 -0.051995 0.756922 0.062048 -0.744713 -0.657674 0.113285
-0.075429 5.96956 -0.293755 0.805947 0.091199 -0.464492 -0.783471 -0.412793
-0 6.01572 -0.089603 0.762487 0.104571 0 -0.994659 -0.103
-0.201417 6.16709 0.108006 0.723516 0.060296 -0.91522 -0.291726 0.277871
-0.201871 6.09658 -0.051995 0.756922 0.062048 -0.744713 -0.657674 0.113285
-0 6.01572 -0.089603 0.762487 0.104571 0 -0.994659 -0.103
0.201871 6.09658 -0.051995 0.752269 0.146221 0.744713 -0.657674 0.113285
0.201417 6.16709 0.108006 0.718873 0.14428 0.91522 -0.291726 0.277871
-0 6.01572 -0.089603 0.762487 0.104571 0 -0.994659 -0.103
0.075429 5.96956 -0.293755 0.804208 0.122651 0.464492 -0.783471 -0.412793
0.201871 6.09658 -0.051995 0.752269 0.146221 0.744713 -0.657674 0.113285
0.201871 6.09658 -0.051995 0.96215 0.812194 0.744713 -0.657674 0.113285
0.224034 6.33827 -0.289169 0.942391 0.853916 0.795495 -0.008667 -0.605853
0.292781 6.41793 0.055375 0.938665 0.806239 0.990661 -0.108188 0.082919
0.292781 6.41793 0.055375 0.728633 0.163926 0.990661 -0.108188 0.082919
0.201417 6.16709 0.108006 0.718873 0.14428 0.91522 -0.291726 0.277871
0.201871 6.09658 -0.051995 0.752269 0.146221 0.744713 -0.657674 0.113285
-0.201871 6.09658 -0.051995 0.859351 0.094742 -0.744713 -0.657674 0.113285
-0.201417 6.16709 0.108006 0.850383 0.126122 -0.91522 -0.291726 0.277871
-0.292781 6.41793 0.055375 0.832145 0.11865 -0.990661 -0.108188 0.082919
-0.292781 6.41793 0.055375 0.832145 0.11865 -0.990661 -0.108188 0.082919
-0.224035 6.33827 -0.289169 0.84615 0.046579 -0.795495 -0.008667 -0.605853
-0.201871 6.09658 -0.051995 0.859351 0.094742 -0.744713 -0.657674 0.113285
0.224034 6.33827 -0.289169 0.801306 0.153567 0.795495 -0.008667 -0.605853
0.201871 6.09658 -0.051995 0.752269 0.146221 0.744713 -0.657674 0.113285
0.075429 5.96956 -0.293755 0.804208 0.122651 0.464492 -0.783471 -0.412793
0.075429 5.96956 -0.293755 0.175913 0.345415 0.464492 -0.783471 -0.412793
0.080957 6.28796 -0.367571 0.149941 0.348148 0.50145 -0.122654 -0.85641
0.224034 6.33827 -0.289169 0.147892 0.314613 0.795495 -0.008667 -0.605853
-0.075429 5.96956 -0.293755 0.805947 0.091199 -0.464492 -0.783471 -0.412793
-0.201871 6.09658 -0.051995 0.756922 0.062048 -0.744713 -0.657674 0.113285
-0.224035 6.33827 -0.289169 0.806469 0.060152 -0.795495 -0.008667 -0.605853
-0.224035 6.33827 -0.289169 0.858475 0.973799 -0.795495 -0.008667 -0.605853
-0.080957 6.28796 -0.367571 0.882507 0.973761 -0.50145 -0.122654 -0.85641
-0.075429 5.96956 -0.293755 0.871701 1 -0.464492 -0.783471 -0.412793
-0.640606 5.70074 0.438016 0.52712 0.528089 -0.445753 0.590258 0.672933
-0.759903 5.7586 0.212589 0.57361 0.553594 -0.636555 0.755272 -0.15598
-0.882075 5.54924 0.262665 0.564564 0.577775 -0.958495 0.28489 -0.008911
-0.714279 5.35339 0.057683 0.981155 0.882852 -0.412152 -0.124241 -0.902585
-0.909326 5.27283 0.311466 0.93951 0.929206 -0.957244 0.270821 0.101535
-0.882075 5.54924 0.262665 0.933703 0.905814 -0.958495 0.28489 -0.008911
0.640606 5.70074 0.438016 0.527323 0.261303 0.445753 0.590258 0.672933
0.882075 5.54924 0.262664 0.564844 0.210427 0.958495 0.28489 -0.008911
0.759904 5.7586 0.212589 0.573851 0.237126 0.636555 0.755272 -0.15598
0.714278 5.35339 0.057683 0.869289 0.277383 0.412152 -0.124241 -0.902585
0.882075 5.54924 0.262664 0.849247 0.233846 0.958495 0.28489 -0.008911
0.909326 5.27283 0.311465 0.869286 0.221507 0.957244 0.270821 0.101535
0.882075 5.54924 0.262664 0.849247 0.233846 0.958495 0.28489 -0.008911
0.714278 5.35339 0.057683 0.869289 0.277383 0.412152 -0.124241 -0.902585
0.629768 5.66133 0.056357 0.849708 0.298135 0.480575 0.366192 -0.796808
0.629768 5.66133 0.056357 0.849708 0.298135 0.480575 0.366192 -0.796808
0.759904 5.7586 0.212589 0.838244 0.2638 0.636555 0.755272 -0.15598
0.882075 5.54924 0.262664 0.849247 0.233846 0.958495 0.28489 -0.008911
-0.882075 5.54924 0.262665 0.933703 0.905814 -0.958495 0.28489 -0.008911
-0.759903 5.7586 0.212589 0.935285 0.882304 -0.636555 0.755272 -0.15598
-0.629768 5.66133 0.056357 0.968867 0.861747 -0.480575 0.366192 -0.796808
-0.629768 5.66133 0.056357 0.968867 0.861747 -0.480575 0.366192 -0.796808
-0.714279 5.35339 0.057683 0.981155 0.882852 -0.412152 -0.124241 -0.902585
-0.882075 5.54924 0.262665 0.933703 0.905814 -0.958495 0.28489 -0.008911
0.882075 5.54924 0.262664 7.2e-005 0.111845 0.958495 0.28489 -0.008911
0.640606 5.70074 0.438016 0.040189 0.065626 0.445753 0.590258 0.672933
0.66013 5.37694 0.523212 0.064741 0.07884 0.289529 -0.018983 0.956969
0.66013 5.37694 0.523212 0.064741 0.07884 0.289529 -0.018983 0.956969
0.909326 5.27283 0.311465 0.016795 0.1263 0.957244 0.270821 0.101535
0.882075 5.54924 0.262664 7.2e-005 0.111845 0.958495 0.28489 -0.008911
-0.882075 5.54924 0.262665 0.832644 0.808559 -0.958495 0.28489 -0.008911
-0.909326 5.27283 0.311466 0.811192 0.818957 -0.957244 0.270821 0.101535
-0.66013 5.37694 0.523212 0.783362 0.756644 -0.289529 -0.018983 0.956969
-0.66013 5.37694 0.523212 0.783362 0.756644 -0.289529 -0.018983 0.956969
-0.640606 5.70074 0.438016 0.81205 0.748774 -0.445753 0.590258 0.672933
-0.882075 5.54924 0.262665 0.832644 0.808559 -0.958495 0.28489 -0.008911
0.714278 5.35339 0.057683 0.827039 0.215728 0.412152 -0.124241 -0.902585
0.466436 5.23159 0.140637 0.809954 0.163926 -0.928007 -0.150487 -0.340709
0.570814 5.43151 0.004217 0.838244 0.185807 0.635914 0.048799 -0.770196
0.714278 5.35339 0.057683 0.827039 0.215728 0.412152 -0.124241 -0.902585
0.810776 4.73032 0.28288 0.780353 0.235734 -0.777429 -0.430708 -0.458296
0.466436 5.23159 0.140637 0.809954 0.163926 -0.928007 -0.150487 -0.340709
0.466436 5.23159 0.140637 0.809954 0.163926 -0.928007 -0.150487 -0.340709
0.810776 4.73032 0.28288 0.780353 0.235734 -0.777429 -0.430708 -0.458296
0.932337 4.57002 0.577449 0.718873 0.260928 -0.257149 -0.269936 0.927885
0.932337 4.57002 0.577449 0.718873 0.260928 -0.257149 -0.269936 0.927885
0.66013 5.37694 0.523212 0.729859 0.204124 0.289529 -0.018983 0.956969
0.466436 5.23159 0.140637 0.809954 0.163926 -0.928007 -0.150487 -0.340709
0.570377 5.15698 0.140637 0.00938 0.933916 0.954192 -0.296579 -0.039064
0.488148 4.62615 -0.076557 0.047407 0.905461 0.996277 -0.029664 0.080752
0.384406 5.15107 -0.359876 0.074284 0.958545 0.650899 -0.110599 -0.751061
0.384406 5.15107 -0.359876 0.074284 0.958545 0.650899 -0.110599 -0.751061
0.570814 5.43151 0.004217 0.012116 0.959038 0.635914 0.048799 -0.770196
0.570377 5.15698 0.140637 0.00938 0.933916 0.954192 -0.296579 -0.039064
0.292727 4.83076 0.257804 0.24198 0.444797 0.397778 -0.335246 0.853999
0.570377 5.15698 0.140637 0.266058 0.502845 0.954192 -0.296579 -0.039064
0.66013 5.37694 0.523212 0.185982 0.52134 0.289529 -0.018983 0.956969
0.292727 4.83076 0.257804 0.24198 0.444797 0.397778 -0.335246 0.853999
0.488148 4.62615 -0.076557 0.311797 0.485815 0.996277 -0.029664 0.080752
0.570377 5.15698 0.140637 0.266058 0.502845 0.954192 -0.296579 -0.039064
-0.384406 5.15107 -0.359876 0.708573 0.595952 -0.650899 -0.110599 -0.751061
-0.488148 4.62615 -0.076557 0.647304 0.63862 -0.996277 -0.029664 0.080752
-0.570377 5.15698 0.140637 0.597546 0.599732 -0.954192 -0.296579 -0.039064
-0.570377 5.15698 0.140637 0.597546 0.599732 -0.954192 -0.296579 -0.039064
-0.570814 5.43151 0.004217 0.624174 0.577775 -0.635914 0.048799 -0.770196
-0.384406 5.15107 -0.359876 0.708573 0.595952 -0.650899 -0.110599 -0.751061
-0.570377 5.15698 0.140637 0.266789 0.264654 -0.954192 -0.296579 -0.039064
-0.292727 4.83076 0.257804 0.242355 0.322554 -0.397778 -0.335246 0.853999
-0.66013 5.37694 0.523212 0.186828 0.245668 -0.289529 -0.018983 0.956969
-0.570377 5.15698 0.140637 0.266789 0.264654 -0.954192 -0.296579 -0.039064
-0.488148 4.62615 -0.076557 0.312423 0.281964 -0.996277 -0.029664 0.080752
-0.292727 4.83076 0.257804 0.242355 0.322554 -0.397778 -0.335246 0.853999
-0.932337 4.57002 0.577449 0.177357 0.229276 0.257149 -0.269936 0.927885
-0.810776 4.73032 0.28288 0.240744 0.209359 0.777429 -0.430708 -0.458296
-0.466436 5.23159 0.140637 0.309404 0.245668 0.928007 -0.150487 -0.340709
-0.466436 5.23159 0.140637 0.135052 0.380358 0.928007 -0.150487 -0.340709
-0.66013 5.37694 0.523212 0.175913 0.458757 -0.289529 -0.018983 0.956969
-0.932337 4.57002 0.577449 0.135022 0.52134 0.257149 -0.269936 0.927885
-0.466436 5.23159 0.140637 0.977519 0.120763 0.928007 -0.150487 -0.340709
-0.714279 5.35339 0.057683 0.977492 0.066216 -0.412152 -0.124241 -0.902585
-0.570814 5.43151 0.004217 0.997518 0.091113 -0.635914 0.048799 -0.770196
-0.466436 5.23159 0.140637 0.361 0.323131 0.928007 -0.150487 -0.340709
-0.810776 4.73032 0.28288 0.358035 0.396659 0.777429 -0.430708 -0.458296
-0.714279 5.35339 0.057683 0.319696 0.360002 -0.412152 -0.124241 -0.902585
-0.570377 5.15698 0.140637 0.597546 0.599732 -0.954192 -0.296579 -0.039064
-0.66013 5.37694 0.523212 0.514995 0.585819 -0.289529 -0.018983 0.956969
-0.570814 5.43151 0.004217 0.624174 0.577775 -0.635914 0.048799 -0.770196
-0.66013 5.37694 0.523212 0.945734 0.237016 -0.289529 -0.018983 0.956969
-0.466436 5.23159 0.140637 0.972737 0.323102 0.928007 -0.150487 -0.340709
-0.570814 5.43151 0.004217 0.945596 0.346045 -0.635914 0.048799 -0.770196
0.66013 5.37694 0.523212 0.162193 0.232471 0.289529 -0.018983 0.956969
0.570377 5.15698 0.140637 0.176338 0.283709 0.954192 -0.296579 -0.039064
0.570814 5.43151 0.004217 0.154499 0.306086 0.635914 0.048799 -0.770196
0.466436 5.23159 0.140637 0.945596 0.432463 -0.928007 -0.150487 -0.340709
0.66013 5.37694 0.523212 0.970528 0.346045 0.289529 -0.018983 0.956969
0.570814 5.43151 0.004217 0.970535 0.455415 0.635914 0.048799 -0.770196
-0 3.74822 -0.417982 0.870718 0.501815 0 -0.215705 -0.97644
-0 3.31486 -0.040882 0.797777 0.472905 0 -0.883663 -0.468093
-0.190553 3.57157 -0.350647 0.872413 0.459688 0.185125 -0.278756 -0.94232
-0 3.31486 -0.040882 0.797777 0.472905 0 -0.883663 -0.468093
-0 3.74822 -0.417982 0.870718 0.501815 0 -0.215705 -0.97644
0.190553 3.57157 -0.350647 0.843092 0.533665 -0.185125 -0.278756 -0.94232
